   1.0000000e+02   9.9679355e+03
   2.0000000e+02   9.2917251e+03
   3.0000000e+02   6.3772938e+03
   4.0000000e+02   6.3772938e+03
   5.0000000e+02   6.3772938e+03
   6.0000000e+02   4.7718730e+03
   7.0000000e+02   4.7718730e+03
   8.0000000e+02   4.7718730e+03
   9.0000000e+02   4.7718730e+03
   1.0000000e+03   4.7718730e+03
   1.1000000e+03   4.7718730e+03
   1.2000000e+03   4.7718730e+03
   1.3000000e+03   4.7718730e+03
   1.4000000e+03   4.7718730e+03
   1.5000000e+03   4.7718730e+03
   1.6000000e+03   4.7718730e+03
   1.7000000e+03   4.1946687e+03
   1.8000000e+03   4.1946687e+03
   1.9000000e+03   4.1946687e+03
   2.0000000e+03   4.1125981e+03
   2.1000000e+03   4.1125981e+03
   2.2000000e+03   4.1125981e+03
   2.3000000e+03   4.1125981e+03
   2.4000000e+03   4.1125981e+03
   2.5000000e+03   4.1125981e+03
   2.6000000e+03   4.1125981e+03
   2.7000000e+03   4.1125981e+03
   2.8000000e+03   3.9591133e+03
   2.9000000e+03   3.5535298e+03
   3.0000000e+03   3.5535298e+03
   3.1000000e+03   3.5535298e+03
   3.2000000e+03   3.1321416e+03
   3.3000000e+03   3.1321416e+03
   3.4000000e+03   3.1321416e+03
   3.5000000e+03   3.1321416e+03
   3.6000000e+03   3.1321416e+03
   3.7000000e+03   3.1321416e+03
   3.8000000e+03   2.9049042e+03
   3.9000000e+03   2.9049042e+03
   4.0000000e+03   2.9049042e+03
   4.1000000e+03   2.9049042e+03
   4.2000000e+03   2.9049042e+03
   4.3000000e+03   2.9049042e+03
   4.4000000e+03   2.3960124e+03
   4.5000000e+03   2.3960124e+03
   4.6000000e+03   2.3960124e+03
   4.7000000e+03   2.3960124e+03
   4.8000000e+03   2.3960124e+03
   4.9000000e+03   2.3960124e+03
   5.0000000e+03   2.3960124e+03
   5.1000000e+03   2.3960124e+03
   5.2000000e+03   2.3960124e+03
   5.3000000e+03   2.3960124e+03
   5.4000000e+03   2.3960124e+03
   5.5000000e+03   2.3960124e+03
   5.6000000e+03   2.3960124e+03
   5.7000000e+03   1.9656367e+03
   5.8000000e+03   1.9656367e+03
   5.9000000e+03   1.9656367e+03
   6.0000000e+03   1.9656367e+03
   6.1000000e+03   1.9656367e+03
   6.2000000e+03   1.9656367e+03
   6.3000000e+03   1.9656367e+03
   6.4000000e+03   1.9656367e+03
   6.5000000e+03   1.9656367e+03
   6.6000000e+03   1.9656367e+03
   6.7000000e+03   1.9656367e+03
   6.8000000e+03   1.9656367e+03
   6.9000000e+03   1.9656367e+03
   7.0000000e+03   1.9656367e+03
   7.1000000e+03   1.6302781e+03
   7.2000000e+03   1.6302781e+03
   7.3000000e+03   1.6302781e+03
   7.4000000e+03   1.6302781e+03
   7.5000000e+03   1.6302781e+03
   7.6000000e+03   1.6302781e+03
   7.7000000e+03   1.6302781e+03
   7.8000000e+03   1.6302781e+03
   7.9000000e+03   1.6302781e+03
   8.0000000e+03   1.6302781e+03
   8.1000000e+03   1.6302781e+03
   8.2000000e+03   1.6302781e+03
   8.3000000e+03   1.6302781e+03
   8.4000000e+03   1.6302781e+03
   8.5000000e+03   1.6302781e+03
   8.6000000e+03   1.6122367e+03
   8.7000000e+03   1.6122367e+03
   8.8000000e+03   1.6122367e+03
   8.9000000e+03   1.6122367e+03
   9.0000000e+03   1.6122367e+03
   9.1000000e+03   1.6122367e+03
   9.2000000e+03   1.6122367e+03
   9.3000000e+03   1.6122367e+03
   9.4000000e+03   1.6122367e+03
   9.5000000e+03   1.6122367e+03
   9.6000000e+03   1.6122367e+03
   9.7000000e+03   1.6035731e+03
   9.8000000e+03   1.6035731e+03
   9.9000000e+03   1.5874928e+03
   1.0000000e+04   1.5040547e+03
   1.0100000e+04   1.5040547e+03
   1.0200000e+04   1.5040547e+03
   1.0300000e+04   1.5040547e+03
   1.0400000e+04   1.5040547e+03
   1.0500000e+04   1.5040547e+03
   1.0600000e+04   1.5040547e+03
   1.0700000e+04   1.5040547e+03
   1.0800000e+04   1.5034224e+03
   1.0900000e+04   1.5034224e+03
   1.1000000e+04   1.5034224e+03
   1.1100000e+04   1.5034224e+03
   1.1200000e+04   1.5034224e+03
   1.1300000e+04   1.5034224e+03
   1.1400000e+04   1.5034224e+03
   1.1500000e+04   1.5034224e+03
   1.1600000e+04   1.4673257e+03
   1.1700000e+04   1.4673257e+03
   1.1800000e+04   1.4673257e+03
   1.1900000e+04   1.4673257e+03
   1.2000000e+04   1.4673257e+03
   1.2100000e+04   1.4673257e+03
   1.2200000e+04   1.4673257e+03
   1.2300000e+04   1.4673257e+03
   1.2400000e+04   1.4325226e+03
   1.2500000e+04   1.4325226e+03
   1.2600000e+04   1.4325226e+03
   1.2700000e+04   1.3654396e+03
   1.2800000e+04   1.3654396e+03
   1.2900000e+04   1.3654396e+03
   1.3000000e+04   1.3654396e+03
   1.3100000e+04   1.3654396e+03
   1.3200000e+04   1.3654396e+03
   1.3300000e+04   1.3654396e+03
   1.3400000e+04   1.3654396e+03
   1.3500000e+04   1.3031155e+03
   1.3600000e+04   1.3031155e+03
   1.3700000e+04   1.3031155e+03
   1.3800000e+04   1.2404310e+03
   1.3900000e+04   1.2404310e+03
   1.4000000e+04   1.2404310e+03
   1.4100000e+04   1.2404310e+03
   1.4200000e+04   1.2404310e+03
   1.4300000e+04   1.2404310e+03
   1.4400000e+04   1.2404310e+03
   1.4500000e+04   1.2404310e+03
   1.4600000e+04   1.2404310e+03
   1.4700000e+04   1.2404310e+03
   1.4800000e+04   1.2404310e+03
   1.4900000e+04   1.2404310e+03
   1.5000000e+04   1.2404310e+03
   1.5100000e+04   1.2328683e+03
   1.5200000e+04   1.1935077e+03
   1.5300000e+04   1.1935077e+03
   1.5400000e+04   1.1935077e+03
   1.5500000e+04   1.1935077e+03
   1.5600000e+04   1.1935077e+03
   1.5700000e+04   1.1886666e+03
   1.5800000e+04   1.1886666e+03
   1.5900000e+04   4.8117410e+02
   1.6000000e+04   4.8117410e+02
   1.6100000e+04   4.8117410e+02
   1.6200000e+04   4.8117410e+02
   1.6300000e+04   4.8117410e+02
   1.6400000e+04   4.8117410e+02
   1.6500000e+04   4.8117410e+02
   1.6600000e+04   1.4762352e+02
   1.6700000e+04   1.4762352e+02
   1.6800000e+04   1.4762352e+02
   1.6900000e+04   1.4762352e+02
   1.7000000e+04   1.4553363e+02
   1.7100000e+04   1.4553363e+02
   1.7200000e+04   1.4553363e+02
   1.7300000e+04   1.4553363e+02
   1.7400000e+04   1.4553363e+02
   1.7500000e+04   1.4553363e+02
   1.7600000e+04   1.4553363e+02
   1.7700000e+04   1.3964981e+02
   1.7800000e+04   1.3964981e+02
   1.7900000e+04   1.3964981e+02
   1.8000000e+04   1.3964981e+02
   1.8100000e+04   1.3173964e+02
   1.8200000e+04   1.3173964e+02
   1.8300000e+04   1.3173964e+02
   1.8400000e+04   1.3173964e+02
   1.8500000e+04   1.1394971e+02
   1.8600000e+04   9.3732705e+01
   1.8700000e+04   9.3732705e+01
   1.8800000e+04   9.3732705e+01
   1.8900000e+04   9.3732705e+01
   1.9000000e+04   9.3732705e+01
   1.9100000e+04   8.3042686e+01
   1.9200000e+04   8.2515658e+01
   1.9300000e+04   8.2515658e+01
   1.9400000e+04   8.2515658e+01
   1.9500000e+04   8.2515658e+01
   1.9600000e+04   8.2515658e+01
   1.9700000e+04   8.2225520e+01
   1.9800000e+04   8.2225520e+01
   1.9900000e+04   7.7793752e+01
   2.0000000e+04   7.7793752e+01
   2.0100000e+04   6.9670336e+01
   2.0200000e+04   6.9670336e+01
   2.0300000e+04   6.0923515e+01
   2.0400000e+04   6.0923515e+01
   2.0500000e+04   6.0923515e+01
   2.0600000e+04   5.6403300e+01
   2.0700000e+04   5.6403300e+01
   2.0800000e+04   5.6403300e+01
   2.0900000e+04   5.6403300e+01
   2.1000000e+04   4.7023925e+01
   2.1100000e+04   4.7023925e+01
   2.1200000e+04   4.7023925e+01
   2.1300000e+04   4.7023925e+01
   2.1400000e+04   4.2585426e+01
   2.1500000e+04   4.2585426e+01
   2.1600000e+04   4.0225516e+01
   2.1700000e+04   4.0225516e+01
   2.1800000e+04   4.0225516e+01
   2.1900000e+04   4.0225516e+01
   2.2000000e+04   4.0225516e+01
   2.2100000e+04   4.0225516e+01
   2.2200000e+04   3.8609296e+01
   2.2300000e+04   3.7888236e+01
   2.2400000e+04   3.7888236e+01
   2.2500000e+04   3.7888236e+01
   2.2600000e+04   3.0981278e+01
   2.2700000e+04   3.0981278e+01
   2.2800000e+04   3.0981278e+01
   2.2900000e+04   3.0981278e+01
   2.3000000e+04   2.9289543e+01
   2.3100000e+04   2.8582211e+01
   2.3200000e+04   2.8582211e+01
   2.3300000e+04   2.6924643e+01
   2.3400000e+04   2.6924643e+01
   2.3500000e+04   2.6924643e+01
   2.3600000e+04   2.6924643e+01
   2.3700000e+04   2.6924643e+01
   2.3800000e+04   2.6924643e+01
   2.3900000e+04   2.5816849e+01
   2.4000000e+04   2.5816849e+01
   2.4100000e+04   2.5816849e+01
   2.4200000e+04   2.5816849e+01
   2.4300000e+04   1.9143216e+01
   2.4400000e+04   1.9143216e+01
   2.4500000e+04   1.9143216e+01
   2.4600000e+04   1.9143216e+01
   2.4700000e+04   1.9143216e+01
   2.4800000e+04   1.9143216e+01
   2.4900000e+04   1.9143216e+01
   2.5000000e+04   1.9143216e+01
   2.5100000e+04   1.9143216e+01
   2.5200000e+04   1.9143216e+01
   2.5300000e+04   1.9143216e+01
   2.5400000e+04   1.9143216e+01
   2.5500000e+04   1.9143216e+01
   2.5600000e+04   1.8864862e+01
   2.5700000e+04   1.8864862e+01
   2.5800000e+04   1.8864862e+01
   2.5900000e+04   1.8864862e+01
   2.6000000e+04   1.8864862e+01
   2.6100000e+04   1.8864862e+01
   2.6200000e+04   1.8864862e+01
   2.6300000e+04   1.8864862e+01
   2.6400000e+04   1.8365093e+01
   2.6500000e+04   1.8365093e+01
   2.6600000e+04   1.8249304e+01
   2.6700000e+04   1.8249304e+01
   2.6800000e+04   1.8249304e+01
   2.6900000e+04   1.8249304e+01
   2.7000000e+04   1.8249304e+01
   2.7100000e+04   1.8104987e+01
   2.7200000e+04   1.6753428e+01
   2.7300000e+04   1.6753428e+01
   2.7400000e+04   1.6753428e+01
   2.7500000e+04   1.6581297e+01
   2.7600000e+04   1.6243175e+01
   2.7700000e+04   1.6243175e+01
   2.7800000e+04   1.6243175e+01
   2.7900000e+04   1.5180485e+01
   2.8000000e+04   1.5180485e+01
   2.8100000e+04   1.5180485e+01
   2.8200000e+04   1.5180485e+01
   2.8300000e+04   1.5180485e+01
   2.8400000e+04   1.5180485e+01
   2.8500000e+04   1.5180485e+01
   2.8600000e+04   1.5180485e+01
   2.8700000e+04   1.5180485e+01
   2.8800000e+04   1.5180485e+01
   2.8900000e+04   1.5180485e+01
   2.9000000e+04   1.5180485e+01
   2.9100000e+04   1.4927228e+01
   2.9200000e+04   1.4794798e+01
   2.9300000e+04   1.3403334e+01
   2.9400000e+04   1.3403334e+01
   2.9500000e+04   1.3403334e+01
   2.9600000e+04   1.2527688e+01
   2.9700000e+04   1.2527688e+01
   2.9800000e+04   1.2527688e+01
   2.9900000e+04   1.2527688e+01
   3.0000000e+04   1.2527688e+01
   3.0100000e+04   1.2527688e+01
   3.0200000e+04   1.1990283e+01
   3.0300000e+04   1.1912315e+01
   3.0400000e+04   1.1912315e+01
   3.0500000e+04   1.1912315e+01
   3.0600000e+04   1.1912315e+01
   3.0700000e+04   1.1912315e+01
   3.0800000e+04   1.1912315e+01
   3.0900000e+04   1.1912315e+01
   3.1000000e+04   1.1912315e+01
   3.1100000e+04   1.1416336e+01
   3.1200000e+04   1.1377226e+01
   3.1300000e+04   1.1377226e+01
   3.1400000e+04   1.1377226e+01
   3.1500000e+04   1.1377226e+01
   3.1600000e+04   9.8684214e+00
   3.1700000e+04   9.8684214e+00
   3.1800000e+04   9.7873148e+00
   3.1900000e+04   9.6100921e+00
   3.2000000e+04   9.5019543e+00
   3.2100000e+04   9.5019543e+00
   3.2200000e+04   9.5019543e+00
   3.2300000e+04   9.5019543e+00
   3.2400000e+04   9.5019543e+00
   3.2500000e+04   9.5019543e+00
   3.2600000e+04   9.5019543e+00
   3.2700000e+04   7.2601480e+00
   3.2800000e+04   7.2601480e+00
   3.2900000e+04   7.2601480e+00
   3.3000000e+04   7.2601480e+00
   3.3100000e+04   7.2601480e+00
   3.3200000e+04   7.2601480e+00
   3.3300000e+04   7.2601480e+00
   3.3400000e+04   7.2601480e+00
   3.3500000e+04   7.2601480e+00
   3.3600000e+04   7.2601480e+00
   3.3700000e+04   7.2601480e+00
   3.3800000e+04   7.2601480e+00
   3.3900000e+04   7.2601480e+00
   3.4000000e+04   7.2601480e+00
   3.4100000e+04   6.6256800e+00
   3.4200000e+04   6.6256800e+00
   3.4300000e+04   6.6256800e+00
   3.4400000e+04   6.6256800e+00
   3.4500000e+04   6.6256800e+00
   3.4600000e+04   6.6256800e+00
   3.4700000e+04   6.6256800e+00
   3.4800000e+04   6.6256800e+00
   3.4900000e+04   6.6256800e+00
   3.5000000e+04   6.4384021e+00
   3.5100000e+04   3.8283058e+00
   3.5200000e+04   3.8283058e+00
   3.5300000e+04   3.8283058e+00
   3.5400000e+04   3.8283058e+00
   3.5500000e+04   3.8283058e+00
   3.5600000e+04   3.8283058e+00
   3.5700000e+04   3.8283058e+00
   3.5800000e+04   3.8283058e+00
   3.5900000e+04   3.8283058e+00
   3.6000000e+04   3.8283058e+00
   3.6100000e+04   3.8283058e+00
   3.6200000e+04   3.8283058e+00
   3.6300000e+04   3.8283058e+00
   3.6400000e+04   3.8283058e+00
   3.6500000e+04   3.8283058e+00
   3.6600000e+04   3.8283058e+00
   3.6700000e+04   2.3237795e+00
   3.6800000e+04   2.3237795e+00
   3.6900000e+04   2.3237795e+00
   3.7000000e+04   2.3237795e+00
   3.7100000e+04   2.3237795e+00
   3.7200000e+04   2.3237795e+00
   3.7300000e+04   2.3237795e+00
   3.7400000e+04   2.3237795e+00
   3.7500000e+04   2.3237795e+00
   3.7600000e+04   2.3237795e+00
   3.7700000e+04   2.3237795e+00
   3.7800000e+04   2.3237795e+00
   3.7900000e+04   2.3237795e+00
   3.8000000e+04   2.3237795e+00
   3.8100000e+04   2.3237795e+00
   3.8200000e+04   2.3059613e+00
   3.8300000e+04   2.3059613e+00
   3.8400000e+04   2.3059613e+00
   3.8500000e+04   2.2563956e+00
   3.8600000e+04   2.2563956e+00
   3.8700000e+04   2.2563956e+00
   3.8800000e+04   2.2563956e+00
   3.8900000e+04   1.8705265e+00
   3.9000000e+04   1.8705265e+00
   3.9100000e+04   1.8705265e+00
   3.9200000e+04   1.1495710e+00
   3.9300000e+04   1.1495710e+00
   3.9400000e+04   1.1495710e+00
   3.9500000e+04   1.1495710e+00
   3.9600000e+04   1.1495710e+00
   3.9700000e+04   1.1495710e+00
   3.9800000e+04   1.1495710e+00
   3.9900000e+04   1.1495710e+00
   4.0000000e+04   1.1495710e+00
   4.0100000e+04   1.1495710e+00
   4.0200000e+04   1.1495710e+00
   4.0300000e+04   1.1495710e+00
   4.0400000e+04   1.1495710e+00
   4.0500000e+04   1.0634537e+00
   4.0600000e+04   1.0634537e+00
   4.0700000e+04   1.0634537e+00
   4.0800000e+04   1.0634537e+00
   4.0900000e+04   1.0634537e+00
   4.1000000e+04   1.0634537e+00
   4.1100000e+04   1.0634537e+00
   4.1200000e+04   1.0634537e+00
   4.1300000e+04   1.0634537e+00
   4.1400000e+04   1.0634537e+00
   4.1500000e+04   9.8111755e-01
   4.1600000e+04   7.5120632e-01
   4.1700000e+04   7.5120632e-01
   4.1800000e+04   7.5120632e-01
   4.1900000e+04   7.5120632e-01
   4.2000000e+04   7.5120632e-01
   4.2100000e+04   7.5120632e-01
   4.2200000e+04   7.5120632e-01
   4.2300000e+04   7.5120632e-01
   4.2400000e+04   7.5120632e-01
   4.2500000e+04   7.5120632e-01
   4.2600000e+04   7.5120632e-01
   4.2700000e+04   5.1950204e-01
   4.2800000e+04   4.5240652e-01
   4.2900000e+04   4.5240652e-01
   4.3000000e+04   4.5240652e-01
   4.3100000e+04   4.5240652e-01
   4.3200000e+04   3.9329861e-01
   4.3300000e+04   3.9329861e-01
   4.3400000e+04   3.9329861e-01
   4.3500000e+04   3.9329861e-01
   4.3600000e+04   3.9329861e-01
   4.3700000e+04   3.9329861e-01
   4.3800000e+04   3.9329861e-01
   4.3900000e+04   3.9329861e-01
   4.4000000e+04   3.4697173e-01
   4.4100000e+04   3.4697173e-01
   4.4200000e+04   3.4697173e-01
   4.4300000e+04   3.4697173e-01
   4.4400000e+04   3.4697173e-01
   4.4500000e+04   3.4697173e-01
   4.4600000e+04   3.4697173e-01
   4.4700000e+04   3.4404334e-01
   4.4800000e+04   3.1949586e-01
   4.4900000e+04   3.1949586e-01
   4.5000000e+04   3.1949586e-01
   4.5100000e+04   3.1949586e-01
   4.5200000e+04   3.1949586e-01
   4.5300000e+04   2.3169627e-01
   4.5400000e+04   2.3169627e-01
   4.5500000e+04   2.3169627e-01
   4.5600000e+04   2.3169627e-01
   4.5700000e+04   2.3169627e-01
   4.5800000e+04   1.6423197e-01
   4.5900000e+04   1.6423197e-01
   4.6000000e+04   1.6423197e-01
   4.6100000e+04   1.6423197e-01
   4.6200000e+04   1.6423197e-01
   4.6300000e+04   1.6423197e-01
   4.6400000e+04   1.0691492e-01
   4.6500000e+04   9.7409260e-02
   4.6600000e+04   9.7409260e-02
   4.6700000e+04   9.7409260e-02
   4.6800000e+04   9.6636368e-02
   4.6900000e+04   9.6636368e-02
   4.7000000e+04   9.6636368e-02
   4.7100000e+04   9.6636368e-02
   4.7200000e+04   9.6636368e-02
   4.7300000e+04   9.6636368e-02
   4.7400000e+04   9.6636368e-02
   4.7500000e+04   9.6636368e-02
   4.7600000e+04   9.6636368e-02
   4.7700000e+04   9.6636368e-02
   4.7800000e+04   9.6636368e-02
   4.7900000e+04   9.6636368e-02
   4.8000000e+04   9.6636368e-02
   4.8100000e+04   9.6636368e-02
   4.8200000e+04   9.6636368e-02
   4.8300000e+04   9.6636368e-02
   4.8400000e+04   9.6636368e-02
   4.8500000e+04   9.6636368e-02
   4.8600000e+04   9.2936855e-02
   4.8700000e+04   9.2936855e-02
   4.8800000e+04   9.2936855e-02
   4.8900000e+04   9.2936855e-02
   4.9000000e+04   7.9617064e-02
   4.9100000e+04   7.9617064e-02
   4.9200000e+04   7.9617064e-02
   4.9300000e+04   7.9617064e-02
   4.9400000e+04   7.9617064e-02
   4.9500000e+04   7.9617064e-02
   4.9600000e+04   7.9617064e-02
   4.9700000e+04   6.9368920e-02
   4.9800000e+04   6.5962893e-02
   4.9900000e+04   6.5962893e-02
   5.0000000e+04   6.5962893e-02
   5.0100000e+04   6.5962893e-02
   5.0200000e+04   6.5962893e-02
   5.0300000e+04   6.5962893e-02
   5.0400000e+04   6.5962893e-02
   5.0500000e+04   6.5962893e-02
   5.0600000e+04   6.5962893e-02
   5.0700000e+04   5.7409569e-02
   5.0800000e+04   5.0821126e-02
   5.0900000e+04   5.0821126e-02
   5.1000000e+04   5.0821126e-02
   5.1100000e+04   5.0821126e-02
   5.1200000e+04   5.0821126e-02
   5.1300000e+04   5.0821126e-02
   5.1400000e+04   5.0821126e-02
   5.1500000e+04   5.0821126e-02
   5.1600000e+04   5.0821126e-02
   5.1700000e+04   4.6058006e-02
   5.1800000e+04   4.6058006e-02
   5.1900000e+04   4.6058006e-02
   5.2000000e+04   4.4139245e-02
   5.2100000e+04   4.4139245e-02
   5.2200000e+04   4.4139245e-02
   5.2300000e+04   3.9120271e-02
   5.2400000e+04   3.9120271e-02
   5.2500000e+04   3.9120271e-02
   5.2600000e+04   3.6796266e-02
   5.2700000e+04   3.6796266e-02
   5.2800000e+04   3.6796266e-02
   5.2900000e+04   3.4226829e-02
   5.3000000e+04   3.4146814e-02
   5.3100000e+04   3.4146814e-02
   5.3200000e+04   3.4146814e-02
   5.3300000e+04   2.9134040e-02
   5.3400000e+04   2.9134040e-02
   5.3500000e+04   2.9134040e-02
   5.3600000e+04   2.9134040e-02
   5.3700000e+04   2.7531033e-02
   5.3800000e+04   2.7531033e-02
   5.3900000e+04   2.7531033e-02
   5.4000000e+04   2.7531033e-02
   5.4100000e+04   2.0502570e-02
   5.4200000e+04   2.0502570e-02
   5.4300000e+04   2.0502570e-02
   5.4400000e+04   2.0502570e-02
   5.4500000e+04   1.9900354e-02
   5.4600000e+04   1.9900354e-02
   5.4700000e+04   1.9900354e-02
   5.4800000e+04   1.9900354e-02
   5.4900000e+04   1.9900354e-02
   5.5000000e+04   1.9900354e-02
   5.5100000e+04   1.9900354e-02
   5.5200000e+04   1.9900354e-02
   5.5300000e+04   1.9900354e-02
   5.5400000e+04   1.9900354e-02
   5.5500000e+04   1.9900354e-02
   5.5600000e+04   1.8978419e-02
   5.5700000e+04   1.8978419e-02
   5.5800000e+04   1.8978419e-02
   5.5900000e+04   1.8978419e-02
   5.6000000e+04   1.8978419e-02
   5.6100000e+04   1.7081034e-02
   5.6200000e+04   1.7081034e-02
   5.6300000e+04   1.6081685e-02
   5.6400000e+04   1.6081685e-02
   5.6500000e+04   1.6081685e-02
   5.6600000e+04   1.6081685e-02
   5.6700000e+04   1.6081685e-02
   5.6800000e+04   1.5033124e-02
   5.6900000e+04   1.4051344e-02
   5.7000000e+04   1.4051344e-02
   5.7100000e+04   1.4051344e-02
   5.7200000e+04   1.3600843e-02
   5.7300000e+04   1.3600843e-02
   5.7400000e+04   1.3600843e-02
   5.7500000e+04   1.3600843e-02
   5.7600000e+04   1.3600843e-02
   5.7700000e+04   1.3600843e-02
   5.7800000e+04   1.3600843e-02
   5.7900000e+04   1.3600843e-02
   5.8000000e+04   1.3600843e-02
   5.8100000e+04   1.3575918e-02
   5.8200000e+04   1.3575918e-02
   5.8300000e+04   1.2418999e-02
   5.8400000e+04   1.2418999e-02
   5.8500000e+04   1.2418999e-02
   5.8600000e+04   1.2418999e-02
   5.8700000e+04   1.2418999e-02
   5.8800000e+04   1.2418999e-02
   5.8900000e+04   1.2418999e-02
   5.9000000e+04   1.2418999e-02
   5.9100000e+04   1.2418999e-02
   5.9200000e+04   1.2418999e-02
   5.9300000e+04   1.2418999e-02
   5.9400000e+04   1.2418999e-02
   5.9500000e+04   1.2418999e-02
   5.9600000e+04   1.2413029e-02
   5.9700000e+04   1.1588613e-02
   5.9800000e+04   1.1257391e-02
   5.9900000e+04   1.1257391e-02
   6.0000000e+04   1.0924384e-02
   6.0100000e+04   1.0909849e-02
   6.0200000e+04   1.0366315e-02
   6.0300000e+04   1.0366315e-02
   6.0400000e+04   1.0366315e-02
   6.0500000e+04   1.0366315e-02
   6.0600000e+04   1.0366315e-02
   6.0700000e+04   9.7223161e-03
   6.0800000e+04   9.7223161e-03
   6.0900000e+04   9.7223161e-03
   6.1000000e+04   9.7223161e-03
   6.1100000e+04   9.7223161e-03
   6.1200000e+04   9.7223161e-03
   6.1300000e+04   9.7223161e-03
   6.1400000e+04   9.7223161e-03
   6.1500000e+04   9.7223161e-03
   6.1600000e+04   9.7223161e-03
   6.1700000e+04   9.6800932e-03
   6.1800000e+04   9.6800932e-03
   6.1900000e+04   9.6800932e-03
   6.2000000e+04   9.6800932e-03
   6.2100000e+04   9.3422078e-03
   6.2200000e+04   9.3422078e-03
   6.2300000e+04   9.3422078e-03
   6.2400000e+04   9.1263473e-03
   6.2500000e+04   9.1263473e-03
   6.2600000e+04   9.1263473e-03
   6.2700000e+04   9.1263473e-03
   6.2800000e+04   9.1263473e-03
   6.2900000e+04   9.1263473e-03
   6.3000000e+04   9.1263473e-03
   6.3100000e+04   9.1263473e-03
   6.3200000e+04   9.1263473e-03
   6.3300000e+04   9.1263473e-03
   6.3400000e+04   9.0518882e-03
   6.3500000e+04   8.7983982e-03
   6.3600000e+04   8.7983982e-03
   6.3700000e+04   8.7983982e-03
   6.3800000e+04   8.7983982e-03
   6.3900000e+04   8.3082875e-03
   6.4000000e+04   8.3082875e-03
   6.4100000e+04   8.3082875e-03
   6.4200000e+04   8.3082875e-03
   6.4300000e+04   8.2876820e-03
   6.4400000e+04   8.2876820e-03
   6.4500000e+04   8.2876820e-03
   6.4600000e+04   8.0142791e-03
   6.4700000e+04   8.0142791e-03
   6.4800000e+04   7.9842929e-03
   6.4900000e+04   7.9842929e-03
   6.5000000e+04   7.9842929e-03
   6.5100000e+04   7.9842929e-03
   6.5200000e+04   7.9842929e-03
   6.5300000e+04   7.9842929e-03
   6.5400000e+04   7.9842929e-03
   6.5500000e+04   7.9842929e-03
   6.5600000e+04   7.9842929e-03
   6.5700000e+04   7.9385495e-03
   6.5800000e+04   7.9385495e-03
   6.5900000e+04   7.9385495e-03
   6.6000000e+04   7.9212885e-03
   6.6100000e+04   7.9212885e-03
   6.6200000e+04   7.9212885e-03
   6.6300000e+04   7.9212885e-03
   6.6400000e+04   7.9212885e-03
   6.6500000e+04   7.6539026e-03
   6.6600000e+04   7.6539026e-03
   6.6700000e+04   7.6539026e-03
   6.6800000e+04   7.6539026e-03
   6.6900000e+04   7.6539026e-03
   6.7000000e+04   7.6265390e-03
   6.7100000e+04   7.6265390e-03
   6.7200000e+04   7.6265390e-03
   6.7300000e+04   7.6265390e-03
   6.7400000e+04   7.6265390e-03
   6.7500000e+04   7.6265390e-03
   6.7600000e+04   7.5795080e-03
   6.7700000e+04   7.5795080e-03
   6.7800000e+04   7.5795080e-03
   6.7900000e+04   7.5795080e-03
   6.8000000e+04   7.5795080e-03
   6.8100000e+04   7.5795080e-03
   6.8200000e+04   7.5563185e-03
   6.8300000e+04   7.4688996e-03
   6.8400000e+04   7.4688996e-03
   6.8500000e+04   7.4688996e-03
   6.8600000e+04   7.4688996e-03
   6.8700000e+04   7.4688996e-03
   6.8800000e+04   7.4688996e-03
   6.8900000e+04   7.4495336e-03
   6.9000000e+04   7.3884781e-03
   6.9100000e+04   7.3884781e-03
   6.9200000e+04   7.3884781e-03
   6.9300000e+04   7.3884781e-03
   6.9400000e+04   7.3383268e-03
   6.9500000e+04   7.3383268e-03
   6.9600000e+04   7.3383268e-03
   6.9700000e+04   7.3383268e-03
   6.9800000e+04   7.3383268e-03
   6.9900000e+04   7.3383268e-03
   7.0000000e+04   7.2377678e-03
   7.0100000e+04   7.2377678e-03
   7.0200000e+04   7.2377678e-03
   7.0300000e+04   7.2377678e-03
   7.0400000e+04   7.2377678e-03
   7.0500000e+04   7.2377678e-03
   7.0600000e+04   7.2377678e-03
   7.0700000e+04   7.2377678e-03
   7.0800000e+04   7.2377678e-03
   7.0900000e+04   7.2377678e-03
   7.1000000e+04   7.1616015e-03
   7.1100000e+04   7.1616015e-03
   7.1200000e+04   7.1616015e-03
   7.1300000e+04   7.1616015e-03
   7.1400000e+04   7.1616015e-03
   7.1500000e+04   7.1616015e-03
   7.1600000e+04   7.1616015e-03
   7.1700000e+04   7.1616015e-03
   7.1800000e+04   7.1605103e-03
   7.1900000e+04   7.1605103e-03
   7.2000000e+04   7.1605103e-03
   7.2100000e+04   7.1605103e-03
   7.2200000e+04   7.1217128e-03
   7.2300000e+04   7.0929283e-03
   7.2400000e+04   7.0929283e-03
   7.2500000e+04   7.0929283e-03
   7.2600000e+04   7.0929283e-03
   7.2700000e+04   7.0929283e-03
   7.2800000e+04   7.0929283e-03
   7.2900000e+04   7.0246267e-03
   7.3000000e+04   7.0234977e-03
   7.3100000e+04   7.0234977e-03
   7.3200000e+04   7.0234977e-03
   7.3300000e+04   7.0234977e-03
   7.3400000e+04   7.0108910e-03
   7.3500000e+04   7.0108910e-03
   7.3600000e+04   6.9855329e-03
   7.3700000e+04   6.9855329e-03
   7.3800000e+04   6.9612883e-03
   7.3900000e+04   6.9612883e-03
   7.4000000e+04   6.9612883e-03
   7.4100000e+04   6.9612883e-03
   7.4200000e+04   6.9509739e-03
   7.4300000e+04   6.9509739e-03
   7.4400000e+04   6.9509739e-03
   7.4500000e+04   6.9509739e-03
   7.4600000e+04   6.9020966e-03
   7.4700000e+04   6.9020966e-03
   7.4800000e+04   6.9020966e-03
   7.4900000e+04   6.9020966e-03
   7.5000000e+04   6.9020966e-03
   7.5100000e+04   6.9020966e-03
   7.5200000e+04   6.9020966e-03
   7.5300000e+04   6.9020966e-03
   7.5400000e+04   6.9020966e-03
   7.5500000e+04   6.9020966e-03
   7.5600000e+04   6.9020966e-03
   7.5700000e+04   6.9020966e-03
   7.5800000e+04   6.9020966e-03
   7.5900000e+04   6.9020966e-03
   7.6000000e+04   6.9020966e-03
   7.6100000e+04   6.8370499e-03
   7.6200000e+04   6.8370499e-03
   7.6300000e+04   6.8370265e-03
   7.6400000e+04   6.8370265e-03
   7.6500000e+04   6.8370265e-03
   7.6600000e+04   6.8370265e-03
   7.6700000e+04   6.8370265e-03
   7.6800000e+04   6.8370265e-03
   7.6900000e+04   6.8370265e-03
   7.7000000e+04   6.8370265e-03
   7.7100000e+04   6.8365927e-03
   7.7200000e+04   6.7969128e-03
   7.7300000e+04   6.7969128e-03
   7.7400000e+04   6.7801012e-03
   7.7500000e+04   6.7801012e-03
   7.7600000e+04   6.7440231e-03
   7.7700000e+04   6.7440231e-03
   7.7800000e+04   6.7388282e-03
   7.7900000e+04   6.7388282e-03
   7.8000000e+04   6.7307212e-03
   7.8100000e+04   6.7273062e-03
   7.8200000e+04   6.6750425e-03
   7.8300000e+04   6.5833255e-03
   7.8400000e+04   6.5833255e-03
   7.8500000e+04   6.5833255e-03
   7.8600000e+04   6.5833255e-03
   7.8700000e+04   6.5833255e-03
   7.8800000e+04   6.5833255e-03
   7.8900000e+04   6.5833255e-03
   7.9000000e+04   6.5833255e-03
   7.9100000e+04   6.5833255e-03
   7.9200000e+04   6.5833255e-03
   7.9300000e+04   6.5833255e-03
   7.9400000e+04   6.5833255e-03
   7.9500000e+04   6.5290942e-03
   7.9600000e+04   6.5290942e-03
   7.9700000e+04   6.5290942e-03
   7.9800000e+04   6.5290942e-03
   7.9900000e+04   6.5069436e-03
   8.0000000e+04   6.5069436e-03
   8.0100000e+04   6.5069436e-03
   8.0200000e+04   6.5069436e-03
   8.0300000e+04   6.5069436e-03
   8.0400000e+04   6.5009752e-03
   8.0500000e+04   6.5009752e-03
   8.0600000e+04   6.5009752e-03
   8.0700000e+04   6.4928269e-03
   8.0800000e+04   6.4928269e-03
   8.0900000e+04   6.4928269e-03
   8.1000000e+04   6.4928269e-03
   8.1100000e+04   6.4659990e-03
   8.1200000e+04   6.4659990e-03
   8.1300000e+04   6.4659990e-03
   8.1400000e+04   6.4283766e-03
   8.1500000e+04   6.4283766e-03
   8.1600000e+04   6.4283766e-03
   8.1700000e+04   6.4283766e-03
   8.1800000e+04   6.4283766e-03
   8.1900000e+04   6.4283766e-03
   8.2000000e+04   6.4283766e-03
   8.2100000e+04   6.4283766e-03
   8.2200000e+04   6.4283766e-03
   8.2300000e+04   6.4283766e-03
   8.2400000e+04   6.4283766e-03
   8.2500000e+04   6.4283766e-03
   8.2600000e+04   6.4198517e-03
   8.2700000e+04   6.4089839e-03
   8.2800000e+04   6.3647320e-03
   8.2900000e+04   6.3647320e-03
   8.3000000e+04   6.3647320e-03
   8.3100000e+04   6.3647320e-03
   8.3200000e+04   6.3647320e-03
   8.3300000e+04   6.3596308e-03
   8.3400000e+04   6.3378917e-03
   8.3500000e+04   6.3378917e-03
   8.3600000e+04   6.3378917e-03
   8.3700000e+04   6.3378917e-03
   8.3800000e+04   6.2592789e-03
   8.3900000e+04   6.2592789e-03
   8.4000000e+04   6.2592789e-03
   8.4100000e+04   6.2592789e-03
   8.4200000e+04   6.2592789e-03
   8.4300000e+04   6.2592789e-03
   8.4400000e+04   6.2592789e-03
   8.4500000e+04   6.2592789e-03
   8.4600000e+04   6.2592789e-03
   8.4700000e+04   6.2592789e-03
   8.4800000e+04   6.2592789e-03
   8.4900000e+04   6.2575744e-03
   8.5000000e+04   6.2575744e-03
   8.5100000e+04   6.2397926e-03
   8.5200000e+04   6.2310034e-03
   8.5300000e+04   6.2021746e-03
   8.5400000e+04   6.2021746e-03
   8.5500000e+04   6.2021746e-03
   8.5600000e+04   6.2021746e-03
   8.5700000e+04   6.2021746e-03
   8.5800000e+04   6.2021746e-03
   8.5900000e+04   6.2021746e-03
   8.6000000e+04   6.2021746e-03
   8.6100000e+04   6.2021746e-03
   8.6200000e+04   6.1397283e-03
   8.6300000e+04   6.1397283e-03
   8.6400000e+04   6.1397283e-03
   8.6500000e+04   6.1397283e-03
   8.6600000e+04   6.1397283e-03
   8.6700000e+04   6.1397283e-03
   8.6800000e+04   6.1397283e-03
   8.6900000e+04   6.1397283e-03
   8.7000000e+04   6.1397283e-03
   8.7100000e+04   6.1397283e-03
   8.7200000e+04   6.1397283e-03
   8.7300000e+04   6.1397283e-03
   8.7400000e+04   6.1295744e-03
   8.7500000e+04   6.1295744e-03
   8.7600000e+04   6.1295744e-03
   8.7700000e+04   6.1295744e-03
   8.7800000e+04   6.1295744e-03
   8.7900000e+04   6.1295744e-03
   8.8000000e+04   6.1295744e-03
   8.8100000e+04   6.1125241e-03
   8.8200000e+04   6.0904024e-03
   8.8300000e+04   6.0904024e-03
   8.8400000e+04   6.0904024e-03
   8.8500000e+04   6.0904024e-03
   8.8600000e+04   6.0763412e-03
   8.8700000e+04   6.0763412e-03
   8.8800000e+04   6.0763412e-03
   8.8900000e+04   6.0763412e-03
   8.9000000e+04   6.0763412e-03
   8.9100000e+04   6.0763412e-03
   8.9200000e+04   6.0763412e-03
   8.9300000e+04   6.0763412e-03
   8.9400000e+04   6.0310887e-03
   8.9500000e+04   6.0310887e-03
   8.9600000e+04   6.0310887e-03
   8.9700000e+04   6.0310887e-03
   8.9800000e+04   6.0310887e-03
   8.9900000e+04   6.0310887e-03
   9.0000000e+04   6.0310887e-03
   9.0100000e+04   6.0310887e-03
   9.0200000e+04   6.0310887e-03
   9.0300000e+04   5.9978715e-03
   9.0400000e+04   5.9978715e-03
   9.0500000e+04   5.9978715e-03
   9.0600000e+04   5.9978715e-03
   9.0700000e+04   5.9957340e-03
   9.0800000e+04   5.9957340e-03
   9.0900000e+04   5.9957340e-03
   9.1000000e+04   5.9957340e-03
   9.1100000e+04   5.9957340e-03
   9.1200000e+04   5.9840610e-03
   9.1300000e+04   5.9840610e-03
   9.1400000e+04   5.9840610e-03
   9.1500000e+04   5.9840610e-03
   9.1600000e+04   5.9840610e-03
   9.1700000e+04   5.9720316e-03
   9.1800000e+04   5.9720316e-03
   9.1900000e+04   5.9119995e-03
   9.2000000e+04   5.9119995e-03
   9.2100000e+04   5.9119995e-03
   9.2200000e+04   5.9119995e-03
   9.2300000e+04   5.9119995e-03
   9.2400000e+04   5.9119995e-03
   9.2500000e+04   5.9119995e-03
   9.2600000e+04   5.9119995e-03
   9.2700000e+04   5.9119995e-03
   9.2800000e+04   5.9119995e-03
   9.2900000e+04   5.9119995e-03
   9.3000000e+04   5.9119995e-03
   9.3100000e+04   5.9119995e-03
   9.3200000e+04   5.9119995e-03
   9.3300000e+04   5.9119995e-03
   9.3400000e+04   5.9119995e-03
   9.3500000e+04   5.9038878e-03
   9.3600000e+04   5.9038878e-03
   9.3700000e+04   5.9038878e-03
   9.3800000e+04   5.9038878e-03
   9.3900000e+04   5.9038878e-03
   9.4000000e+04   5.9038878e-03
   9.4100000e+04   5.9038878e-03
   9.4200000e+04   5.9038878e-03
   9.4300000e+04   5.9038878e-03
   9.4400000e+04   5.8769994e-03
   9.4500000e+04   5.8769994e-03
   9.4600000e+04   5.8769994e-03
   9.4700000e+04   5.8769994e-03
   9.4800000e+04   5.8769994e-03
   9.4900000e+04   5.8769994e-03
   9.5000000e+04   5.8769994e-03
   9.5100000e+04   5.8769994e-03
   9.5200000e+04   5.8769994e-03
   9.5300000e+04   5.8690357e-03
   9.5400000e+04   5.8612403e-03
   9.5500000e+04   5.8612403e-03
   9.5600000e+04   5.8392030e-03
   9.5700000e+04   5.8392030e-03
   9.5800000e+04   5.8392030e-03
   9.5900000e+04   5.8049826e-03
   9.6000000e+04   5.8049826e-03
   9.6100000e+04   5.8049826e-03
   9.6200000e+04   5.8049826e-03
   9.6300000e+04   5.8049826e-03
   9.6400000e+04   5.8049826e-03
   9.6500000e+04   5.8049826e-03
   9.6600000e+04   5.8049826e-03
   9.6700000e+04   5.8049826e-03
   9.6800000e+04   5.7955535e-03
   9.6900000e+04   5.7955535e-03
   9.7000000e+04   5.7889694e-03
   9.7100000e+04   5.7831129e-03
   9.7200000e+04   5.7831129e-03
   9.7300000e+04   5.7585103e-03
   9.7400000e+04   5.7585103e-03
   9.7500000e+04   5.7585103e-03
   9.7600000e+04   5.7585103e-03
   9.7700000e+04   5.7585103e-03
   9.7800000e+04   5.7585103e-03
   9.7900000e+04   5.7585103e-03
   9.8000000e+04   5.7585103e-03
   9.8100000e+04   5.7584471e-03
   9.8200000e+04   5.7584471e-03
   9.8300000e+04   5.7255906e-03
   9.8400000e+04   5.6660589e-03
   9.8500000e+04   5.6660589e-03
   9.8600000e+04   5.6660589e-03
   9.8700000e+04   5.6660589e-03
   9.8800000e+04   5.6660589e-03
   9.8900000e+04   5.6660589e-03
   9.9000000e+04   5.6660589e-03
   9.9100000e+04   5.6381924e-03
   9.9200000e+04   5.6381924e-03
   9.9300000e+04   5.6381924e-03
   9.9400000e+04   5.6381924e-03
   9.9500000e+04   5.6290421e-03
   9.9600000e+04   5.6132560e-03
   9.9700000e+04   5.6132560e-03
   9.9800000e+04   5.6077921e-03
   9.9900000e+04   5.6077921e-03
   1.0000000e+05   5.5978484e-03
