   3.0062867e-02   1.0000000e+05   1.4627148e+01   7.7940299e+01   1.9984658e+01   1.0006193e+01   0.0000000e+00   0.0000000e+00   0.0000000e+00   0.0000000e+00
   5.0551574e-02   1.0000000e+05   1.3874298e+01   9.8224115e+00   1.7686444e+01   1.5166675e+01   0.0000000e+00   0.0000000e+00   0.0000000e+00   0.0000000e+00
   8.1210424e-03   1.0000000e+05   1.3839969e+01   4.0326251e+01   1.1735986e+01   1.7858161e+01   0.0000000e+00   0.0000000e+00   0.0000000e+00   0.0000000e+00
   4.6824692e-02   1.0000000e+05   1.3859312e+01   5.6664533e+01   5.0091434e+00   1.6907802e+01   0.0000000e+00   0.0000000e+00   0.0000000e+00   0.0000000e+00
   5.7709668e-02   1.0000000e+05   1.3891758e+01   5.0289302e+00   5.6777201e-01   1.2755874e+01   0.0000000e+00   0.0000000e+00   0.0000000e+00   0.0000000e+00
   4.7339289e-02   1.0000000e+05   1.3718161e+01   5.9864315e+00   6.1997545e-01   7.2723725e+00   0.0000000e+00   0.0000000e+00   0.0000000e+00   0.0000000e+00
   5.5978484e-03   1.0000000e+05   1.3573011e+01   1.7410026e+01   5.0042666e+00   3.0912278e+00   0.0000000e+00   0.0000000e+00   0.0000000e+00   0.0000000e+00
   7.7561745e-02   1.0000000e+05   1.3560365e+01   1.2270251e+01   1.1740415e+01   2.1069333e+00   0.0000000e+00   0.0000000e+00   0.0000000e+00   0.0000000e+00
   1.2800992e-01   1.0000000e+05   1.3651857e+01   1.8191524e+00   1.7669598e+01   4.8445491e+00   0.0000000e+00   0.0000000e+00   0.0000000e+00   0.0000000e+00
   2.2181353e-02   1.0000000e+05   1.3528489e+01   4.5389580e+00   1.9984638e+01   1.0001496e+01   0.0000000e+00   0.0000000e+00   0.0000000e+00   0.0000000e+00
   2.8817769e-02   1.0000000e+05   1.3505494e+01   5.2424276e+00   0.0000000e+00   0.0000000e+00   0.0000000e+00   0.0000000e+00   0.0000000e+00   0.0000000e+00
   6.0948385e-03   1.0000000e+05   1.3794069e+01   5.9403774e+00   0.0000000e+00   0.0000000e+00   0.0000000e+00   0.0000000e+00   0.0000000e+00   0.0000000e+00
   5.9968078e-02   1.0000000e+05   1.3607236e+01   3.3771547e-01   0.0000000e+00   0.0000000e+00   0.0000000e+00   0.0000000e+00   0.0000000e+00   0.0000000e+00
   1.7357888e-02   1.0000000e+05   1.3614145e+01   1.0263563e+00   0.0000000e+00   0.0000000e+00   0.0000000e+00   0.0000000e+00   0.0000000e+00   0.0000000e+00
   5.8139509e+00   1.0000000e+05   1.3707181e+01   1.7169848e+00   0.0000000e+00   0.0000000e+00   0.0000000e+00   0.0000000e+00   0.0000000e+00   0.0000000e+00
   2.2647441e-02   1.0000000e+05   1.3695436e+01   2.4054490e+00   0.0000000e+00   0.0000000e+00   0.0000000e+00   0.0000000e+00   0.0000000e+00   0.0000000e+00
   1.3320240e-01   1.0000000e+05   1.3552398e+01   3.1115831e+00   0.0000000e+00   0.0000000e+00   0.0000000e+00   0.0000000e+00   0.0000000e+00   0.0000000e+00
   7.2159369e-02   1.0000000e+05   1.3507545e+01   3.8296907e+00   0.0000000e+00   0.0000000e+00   0.0000000e+00   0.0000000e+00   0.0000000e+00   0.0000000e+00
   4.0482347e-02   1.0000000e+05   1.3605416e+01   4.5383675e+00   0.0000000e+00   0.0000000e+00   0.0000000e+00   0.0000000e+00   0.0000000e+00   0.0000000e+00
   2.0263033e-01   1.0000000e+05   1.3679690e+01   0.0000000e+00   0.0000000e+00   0.0000000e+00   0.0000000e+00   0.0000000e+00   0.0000000e+00   0.0000000e+00
   5.5978484e-03   0.0000000e+00   0.0000000e+00   0.0000000e+00   0.0000000e+00   0.0000000e+00   0.0000000e+00   0.0000000e+00   0.0000000e+00   0.0000000e+00
   1.0000000e+05   0.0000000e+00   0.0000000e+00   0.0000000e+00   0.0000000e+00   0.0000000e+00   0.0000000e+00   0.0000000e+00   0.0000000e+00   0.0000000e+00
   5.8139509e+00   0.0000000e+00   0.0000000e+00   0.0000000e+00   0.0000000e+00   0.0000000e+00   0.0000000e+00   0.0000000e+00   0.0000000e+00   0.0000000e+00
   3.4356357e-01   0.0000000e+00   0.0000000e+00   0.0000000e+00   0.0000000e+00   0.0000000e+00   0.0000000e+00   0.0000000e+00   0.0000000e+00   0.0000000e+00
   1.2885415e+00   0.0000000e+00   0.0000000e+00   0.0000000e+00   0.0000000e+00   0.0000000e+00   0.0000000e+00   0.0000000e+00   0.0000000e+00   0.0000000e+00
