   3.0769865e-03   1.0000000e+05   1.6445842e+01   7.9999856e+01   1.9999979e+01   1.0000209e+01   0.0000000e+00   0.0000000e+00   0.0000000e+00   0.0000000e+00
   1.7068854e-02   1.0000000e+05   1.5721736e+01   8.1232008e+00   1.7661407e+01   1.5143274e+01   0.0000000e+00   0.0000000e+00   0.0000000e+00   0.0000000e+00
   4.2014375e-04   1.0000000e+05   1.4958862e+01   5.0870344e+01   1.1735167e+01   1.7872687e+01   0.0000000e+00   0.0000000e+00   0.0000000e+00   0.0000000e+00
   1.4912910e-02   1.0000000e+05   1.5144706e+01   4.2360533e+01   4.9964420e+00   1.6936000e+01   0.0000000e+00   0.0000000e+00   0.0000000e+00   0.0000000e+00
   1.4192825e-02   1.0000000e+05   1.5781511e+01  -1.0853763e+01   6.1208568e-01   1.2731703e+01   0.0000000e+00   0.0000000e+00   0.0000000e+00   0.0000000e+00
   1.2527208e-03   1.0000000e+05   1.4803824e+01   9.1433127e-02   5.9371626e-01   7.2597875e+00   0.0000000e+00   0.0000000e+00   0.0000000e+00   0.0000000e+00
   2.1374351e-01   1.0000000e+05   1.5002183e+01   7.5379031e+00   5.0038651e+00   3.0797353e+00   0.0000000e+00   0.0000000e+00   0.0000000e+00   0.0000000e+00
   2.3446770e-01   1.0000000e+05   1.4882428e+01  -5.2254141e-01   1.1736693e+01   2.1163713e+00   0.0000000e+00   0.0000000e+00   0.0000000e+00   0.0000000e+00
   3.6329683e-02   1.0000000e+05   1.4864108e+01   4.0121195e+00   1.7658763e+01   4.8588519e+00   0.0000000e+00   0.0000000e+00   0.0000000e+00   0.0000000e+00
   3.7007731e-02   1.0000000e+05   1.5410262e+01   2.3428599e+00   1.9999976e+01   9.9998589e+00   0.0000000e+00   0.0000000e+00   0.0000000e+00   0.0000000e+00
   4.8839272e-04   1.0000000e+05   1.4810609e+01   3.0535127e+00   0.0000000e+00   0.0000000e+00   0.0000000e+00   0.0000000e+00   0.0000000e+00   0.0000000e+00
   1.9458376e-02   1.0000000e+05   1.5457109e+01   3.7417464e+00   0.0000000e+00   0.0000000e+00   0.0000000e+00   0.0000000e+00   0.0000000e+00   0.0000000e+00
   1.3301188e-03   1.0000000e+05   1.4829038e+01   4.4255457e+00   0.0000000e+00   0.0000000e+00   0.0000000e+00   0.0000000e+00   0.0000000e+00   0.0000000e+00
   2.1175182e-02   1.0000000e+05   1.4938042e+01   5.1086716e+00   0.0000000e+00   0.0000000e+00   0.0000000e+00   0.0000000e+00   0.0000000e+00   0.0000000e+00
   2.1661488e-01   1.0000000e+05   1.4953164e+01   5.7983829e+00   0.0000000e+00   0.0000000e+00   0.0000000e+00   0.0000000e+00   0.0000000e+00   0.0000000e+00
   6.3510913e-04   1.0000000e+05   1.4965838e+01   2.1286893e-01   0.0000000e+00   0.0000000e+00   0.0000000e+00   0.0000000e+00   0.0000000e+00   0.0000000e+00
   1.2156348e-03   1.0000000e+05   1.6040245e+01   9.1658554e-01   0.0000000e+00   0.0000000e+00   0.0000000e+00   0.0000000e+00   0.0000000e+00   0.0000000e+00
   9.6903877e+00   1.0000000e+05   1.4758459e+01   1.6304135e+00   0.0000000e+00   0.0000000e+00   0.0000000e+00   0.0000000e+00   0.0000000e+00   0.0000000e+00
   8.4881516e-04   1.0000000e+05   1.5727728e+01   2.3428152e+00   0.0000000e+00   0.0000000e+00   0.0000000e+00   0.0000000e+00   0.0000000e+00   0.0000000e+00
   1.2677591e-03   1.0000000e+05   1.5298663e+01   0.0000000e+00   0.0000000e+00   0.0000000e+00   0.0000000e+00   0.0000000e+00   0.0000000e+00   0.0000000e+00
   1.1189415e-03   1.0000000e+05   1.4995309e+01   0.0000000e+00   0.0000000e+00   0.0000000e+00   0.0000000e+00   0.0000000e+00   0.0000000e+00   0.0000000e+00
   9.9015046e-04   1.0000000e+05   1.5368841e+01   0.0000000e+00   0.0000000e+00   0.0000000e+00   0.0000000e+00   0.0000000e+00   0.0000000e+00   0.0000000e+00
   1.7844262e-03   1.0000000e+05   1.4796088e+01   0.0000000e+00   0.0000000e+00   0.0000000e+00   0.0000000e+00   0.0000000e+00   0.0000000e+00   0.0000000e+00
   1.1175216e-03   1.0000000e+05   1.4979849e+01   0.0000000e+00   0.0000000e+00   0.0000000e+00   0.0000000e+00   0.0000000e+00   0.0000000e+00   0.0000000e+00
   7.8700045e-03   1.0000000e+05   1.4625383e+01   0.0000000e+00   0.0000000e+00   0.0000000e+00   0.0000000e+00   0.0000000e+00   0.0000000e+00   0.0000000e+00
   7.1835084e-04   1.0000000e+05   1.4612501e+01   0.0000000e+00   0.0000000e+00   0.0000000e+00   0.0000000e+00   0.0000000e+00   0.0000000e+00   0.0000000e+00
   2.8672322e-01   1.0000000e+05   1.4770439e+01   0.0000000e+00   0.0000000e+00   0.0000000e+00   0.0000000e+00   0.0000000e+00   0.0000000e+00   0.0000000e+00
   3.0490535e-02   1.0000000e+05   1.5077573e+01   0.0000000e+00   0.0000000e+00   0.0000000e+00   0.0000000e+00   0.0000000e+00   0.0000000e+00   0.0000000e+00
   5.2056568e+00   1.0000000e+05   1.5151042e+01   0.0000000e+00   0.0000000e+00   0.0000000e+00   0.0000000e+00   0.0000000e+00   0.0000000e+00   0.0000000e+00
   5.3753096e-04   1.0000000e+05   1.4740849e+01   0.0000000e+00   0.0000000e+00   0.0000000e+00   0.0000000e+00   0.0000000e+00   0.0000000e+00   0.0000000e+00
   2.1210672e-01   1.0000000e+05   1.4695252e+01   0.0000000e+00   0.0000000e+00   0.0000000e+00   0.0000000e+00   0.0000000e+00   0.0000000e+00   0.0000000e+00
   9.9259430e+01   1.0000000e+05   1.5267083e+01   0.0000000e+00   0.0000000e+00   0.0000000e+00   0.0000000e+00   0.0000000e+00   0.0000000e+00   0.0000000e+00
   5.1639927e-01   1.0000000e+05   1.6237323e+01   0.0000000e+00   0.0000000e+00   0.0000000e+00   0.0000000e+00   0.0000000e+00   0.0000000e+00   0.0000000e+00
   6.7151152e-02   1.0000000e+05   1.4657659e+01   0.0000000e+00   0.0000000e+00   0.0000000e+00   0.0000000e+00   0.0000000e+00   0.0000000e+00   0.0000000e+00
   1.7635553e-02   1.0000000e+05   1.4819646e+01   0.0000000e+00   0.0000000e+00   0.0000000e+00   0.0000000e+00   0.0000000e+00   0.0000000e+00   0.0000000e+00
   1.7695680e-03   1.0000000e+05   1.4665476e+01   0.0000000e+00   0.0000000e+00   0.0000000e+00   0.0000000e+00   0.0000000e+00   0.0000000e+00   0.0000000e+00
   1.1926958e-03   1.0000000e+05   1.4833975e+01   0.0000000e+00   0.0000000e+00   0.0000000e+00   0.0000000e+00   0.0000000e+00   0.0000000e+00   0.0000000e+00
   6.5748891e-03   1.0000000e+05   1.4790465e+01   0.0000000e+00   0.0000000e+00   0.0000000e+00   0.0000000e+00   0.0000000e+00   0.0000000e+00   0.0000000e+00
   5.2251067e-03   1.0000000e+05   1.5081393e+01   0.0000000e+00   0.0000000e+00   0.0000000e+00   0.0000000e+00   0.0000000e+00   0.0000000e+00   0.0000000e+00
   1.0443118e-03   1.0000000e+05   1.4634379e+01   0.0000000e+00   0.0000000e+00   0.0000000e+00   0.0000000e+00   0.0000000e+00   0.0000000e+00   0.0000000e+00
   2.1211024e-01   1.0000000e+05   1.5021126e+01   0.0000000e+00   0.0000000e+00   0.0000000e+00   0.0000000e+00   0.0000000e+00   0.0000000e+00   0.0000000e+00
   9.6621101e-03   1.0000000e+05   1.4425037e+01   0.0000000e+00   0.0000000e+00   0.0000000e+00   0.0000000e+00   0.0000000e+00   0.0000000e+00   0.0000000e+00
   5.1848729e-04   1.0000000e+05   1.4499049e+01   0.0000000e+00   0.0000000e+00   0.0000000e+00   0.0000000e+00   0.0000000e+00   0.0000000e+00   0.0000000e+00
   5.3060161e-03   1.0000000e+05   1.4488264e+01   0.0000000e+00   0.0000000e+00   0.0000000e+00   0.0000000e+00   0.0000000e+00   0.0000000e+00   0.0000000e+00
   2.1210680e-01   1.0000000e+05   1.5032836e+01   0.0000000e+00   0.0000000e+00   0.0000000e+00   0.0000000e+00   0.0000000e+00   0.0000000e+00   0.0000000e+00
   5.1291057e-03   1.0000000e+05   1.4805817e+01   0.0000000e+00   0.0000000e+00   0.0000000e+00   0.0000000e+00   0.0000000e+00   0.0000000e+00   0.0000000e+00
   2.7431238e-03   1.0000000e+05   1.4746338e+01   0.0000000e+00   0.0000000e+00   0.0000000e+00   0.0000000e+00   0.0000000e+00   0.0000000e+00   0.0000000e+00
   8.5609106e-04   1.0000000e+05   1.4541762e+01   0.0000000e+00   0.0000000e+00   0.0000000e+00   0.0000000e+00   0.0000000e+00   0.0000000e+00   0.0000000e+00
   2.2514656e-02   1.0000000e+05   1.4866667e+01   0.0000000e+00   0.0000000e+00   0.0000000e+00   0.0000000e+00   0.0000000e+00   0.0000000e+00   0.0000000e+00
   2.2468644e-03   1.0000000e+05   1.4407243e+01   0.0000000e+00   0.0000000e+00   0.0000000e+00   0.0000000e+00   0.0000000e+00   0.0000000e+00   0.0000000e+00
   4.2014375e-04   3.0000000e+00   0.0000000e+00   0.0000000e+00   0.0000000e+00   0.0000000e+00   0.0000000e+00   0.0000000e+00   0.0000000e+00   0.0000000e+00
   1.0000000e+05   0.0000000e+00   0.0000000e+00   0.0000000e+00   0.0000000e+00   0.0000000e+00   0.0000000e+00   0.0000000e+00   0.0000000e+00   0.0000000e+00
   9.9259430e+01   0.0000000e+00   0.0000000e+00   0.0000000e+00   0.0000000e+00   0.0000000e+00   0.0000000e+00   0.0000000e+00   0.0000000e+00   0.0000000e+00
   2.3324925e+00   0.0000000e+00   0.0000000e+00   0.0000000e+00   0.0000000e+00   0.0000000e+00   0.0000000e+00   0.0000000e+00   0.0000000e+00   0.0000000e+00
   1.4071286e+01   0.0000000e+00   0.0000000e+00   0.0000000e+00   0.0000000e+00   0.0000000e+00   0.0000000e+00   0.0000000e+00   0.0000000e+00   0.0000000e+00
