   1.0000000e+02   2.5839323e+04
   2.0000000e+02   2.5839323e+04
   3.0000000e+02   3.6586472e+03
   4.0000000e+02   3.6586472e+03
   5.0000000e+02   3.6586472e+03
   6.0000000e+02   3.6586472e+03
   7.0000000e+02   3.6586472e+03
   8.0000000e+02   3.6586472e+03
   9.0000000e+02   3.6586472e+03
   1.0000000e+03   3.6586472e+03
   1.1000000e+03   3.6586472e+03
   1.2000000e+03   3.6586472e+03
   1.3000000e+03   3.6586472e+03
   1.4000000e+03   3.6586472e+03
   1.5000000e+03   3.6586472e+03
   1.6000000e+03   3.6586472e+03
   1.7000000e+03   3.6586472e+03
   1.8000000e+03   3.6586472e+03
   1.9000000e+03   2.4415897e+03
   2.0000000e+03   2.4415897e+03
   2.1000000e+03   1.9839123e+03
   2.2000000e+03   1.9839123e+03
   2.3000000e+03   1.9839123e+03
   2.4000000e+03   1.4761626e+03
   2.5000000e+03   1.4761626e+03
   2.6000000e+03   1.4761626e+03
   2.7000000e+03   1.4761626e+03
   2.8000000e+03   1.4761626e+03
   2.9000000e+03   1.4761626e+03
   3.0000000e+03   1.4761626e+03
   3.1000000e+03   1.4406984e+03
   3.2000000e+03   7.6140082e+02
   3.3000000e+03   7.6140082e+02
   3.4000000e+03   7.6140082e+02
   3.5000000e+03   4.9245226e+02
   3.6000000e+03   4.9245226e+02
   3.7000000e+03   4.9245226e+02
   3.8000000e+03   4.9245226e+02
   3.9000000e+03   4.9245226e+02
   4.0000000e+03   4.9245226e+02
   4.1000000e+03   4.9245226e+02
   4.2000000e+03   4.9245226e+02
   4.3000000e+03   4.9245226e+02
   4.4000000e+03   4.9245226e+02
   4.5000000e+03   4.9245226e+02
   4.6000000e+03   4.9245226e+02
   4.7000000e+03   4.9245226e+02
   4.8000000e+03   4.9245226e+02
   4.9000000e+03   4.9245226e+02
   5.0000000e+03   4.9245226e+02
   5.1000000e+03   4.9245226e+02
   5.2000000e+03   2.1856552e+02
   5.3000000e+03   2.1856552e+02
   5.4000000e+03   2.1856552e+02
   5.5000000e+03   2.1856552e+02
   5.6000000e+03   2.1856552e+02
   5.7000000e+03   2.1856552e+02
   5.8000000e+03   2.1856552e+02
   5.9000000e+03   2.1856552e+02
   6.0000000e+03   1.9456921e+02
   6.1000000e+03   1.9456921e+02
   6.2000000e+03   1.9456921e+02
   6.3000000e+03   1.9456921e+02
   6.4000000e+03   1.9456921e+02
   6.5000000e+03   1.9456921e+02
   6.6000000e+03   1.9456921e+02
   6.7000000e+03   1.9456921e+02
   6.8000000e+03   1.9456921e+02
   6.9000000e+03   1.9456921e+02
   7.0000000e+03   1.9456921e+02
   7.1000000e+03   1.9456921e+02
   7.2000000e+03   1.9456921e+02
   7.3000000e+03   1.9456921e+02
   7.4000000e+03   1.9456921e+02
   7.5000000e+03   1.9456921e+02
   7.6000000e+03   1.9456921e+02
   7.7000000e+03   1.9456921e+02
   7.8000000e+03   1.9456921e+02
   7.9000000e+03   1.9456921e+02
   8.0000000e+03   1.9456921e+02
   8.1000000e+03   1.9456921e+02
   8.2000000e+03   1.9456921e+02
   8.3000000e+03   1.9456921e+02
   8.4000000e+03   1.9456921e+02
   8.5000000e+03   1.9456921e+02
   8.6000000e+03   1.9456921e+02
   8.7000000e+03   1.9456921e+02
   8.8000000e+03   1.9456921e+02
   8.9000000e+03   1.9456921e+02
   9.0000000e+03   1.9456921e+02
   9.1000000e+03   1.9456921e+02
   9.2000000e+03   1.9456921e+02
   9.3000000e+03   1.9456921e+02
   9.4000000e+03   1.9456921e+02
   9.5000000e+03   1.9456921e+02
   9.6000000e+03   1.9456921e+02
   9.7000000e+03   1.9456921e+02
   9.8000000e+03   1.9456921e+02
   9.9000000e+03   1.9456921e+02
   1.0000000e+04   1.9456921e+02
   1.0100000e+04   1.9456921e+02
   1.0200000e+04   1.9456921e+02
   1.0300000e+04   1.9456921e+02
   1.0400000e+04   1.9456921e+02
   1.0500000e+04   1.9456921e+02
   1.0600000e+04   1.9456921e+02
   1.0700000e+04   1.9456921e+02
   1.0800000e+04   1.9456921e+02
   1.0900000e+04   1.9456921e+02
   1.1000000e+04   1.9456921e+02
   1.1100000e+04   1.9456921e+02
   1.1200000e+04   1.9456921e+02
   1.1300000e+04   1.9456921e+02
   1.1400000e+04   1.9456921e+02
   1.1500000e+04   1.9456921e+02
   1.1600000e+04   1.9456921e+02
   1.1700000e+04   1.9456921e+02
   1.1800000e+04   1.9456921e+02
   1.1900000e+04   1.9456921e+02
   1.2000000e+04   1.7633351e+02
   1.2100000e+04   1.7633351e+02
   1.2200000e+04   1.7633351e+02
   1.2300000e+04   1.7633351e+02
   1.2400000e+04   1.4459855e+02
   1.2500000e+04   1.4459855e+02
   1.2600000e+04   1.4459855e+02
   1.2700000e+04   1.4459855e+02
   1.2800000e+04   1.4459855e+02
   1.2900000e+04   1.4459855e+02
   1.3000000e+04   1.4459855e+02
   1.3100000e+04   1.4459855e+02
   1.3200000e+04   1.4459855e+02
   1.3300000e+04   1.4459855e+02
   1.3400000e+04   1.4459855e+02
   1.3500000e+04   1.4459855e+02
   1.3600000e+04   1.4459855e+02
   1.3700000e+04   1.4459855e+02
   1.3800000e+04   1.4459855e+02
   1.3900000e+04   1.4459855e+02
   1.4000000e+04   1.4459855e+02
   1.4100000e+04   1.4459855e+02
   1.4200000e+04   1.4320279e+02
   1.4300000e+04   1.3897849e+02
   1.4400000e+04   1.3897849e+02
   1.4500000e+04   1.3897849e+02
   1.4600000e+04   1.3314068e+02
   1.4700000e+04   1.3300284e+02
   1.4800000e+04   1.3300284e+02
   1.4900000e+04   1.3300284e+02
   1.5000000e+04   1.3300284e+02
   1.5100000e+04   1.3300284e+02
   1.5200000e+04   1.3300284e+02
   1.5300000e+04   1.3300284e+02
   1.5400000e+04   1.2768670e+02
   1.5500000e+04   1.2768670e+02
   1.5600000e+04   1.1827699e+02
   1.5700000e+04   1.1827699e+02
   1.5800000e+04   1.1827699e+02
   1.5900000e+04   1.1182338e+02
   1.6000000e+04   1.1182338e+02
   1.6100000e+04   1.1182338e+02
   1.6200000e+04   1.1182338e+02
   1.6300000e+04   7.4250198e+01
   1.6400000e+04   7.4230613e+01
   1.6500000e+04   7.4230613e+01
   1.6600000e+04   7.4230613e+01
   1.6700000e+04   7.4230613e+01
   1.6800000e+04   7.4230613e+01
   1.6900000e+04   7.2515910e+01
   1.7000000e+04   7.2515910e+01
   1.7100000e+04   7.2515910e+01
   1.7200000e+04   7.2515910e+01
   1.7300000e+04   7.2515910e+01
   1.7400000e+04   7.2515910e+01
   1.7500000e+04   7.2515910e+01
   1.7600000e+04   6.1544803e+01
   1.7700000e+04   6.1544803e+01
   1.7800000e+04   6.1544803e+01
   1.7900000e+04   6.1544803e+01
   1.8000000e+04   6.1544803e+01
   1.8100000e+04   6.0999735e+01
   1.8200000e+04   4.6263564e+01
   1.8300000e+04   4.6263564e+01
   1.8400000e+04   4.6263564e+01
   1.8500000e+04   4.6263564e+01
   1.8600000e+04   4.6263564e+01
   1.8700000e+04   4.6263564e+01
   1.8800000e+04   4.6263564e+01
   1.8900000e+04   4.6263564e+01
   1.9000000e+04   4.6263564e+01
   1.9100000e+04   3.6677268e+01
   1.9200000e+04   3.3700540e+01
   1.9300000e+04   3.3700540e+01
   1.9400000e+04   3.3700540e+01
   1.9500000e+04   3.3700540e+01
   1.9600000e+04   3.3700540e+01
   1.9700000e+04   3.3700540e+01
   1.9800000e+04   3.3700540e+01
   1.9900000e+04   3.3700540e+01
   2.0000000e+04   2.8540903e+01
   2.0100000e+04   2.8540903e+01
   2.0200000e+04   2.8540903e+01
   2.0300000e+04   2.5615139e+01
   2.0400000e+04   2.5615139e+01
   2.0500000e+04   2.5615139e+01
   2.0600000e+04   2.5615139e+01
   2.0700000e+04   2.5585665e+01
   2.0800000e+04   2.5585665e+01
   2.0900000e+04   1.8321455e+01
   2.1000000e+04   1.8321455e+01
   2.1100000e+04   1.8321455e+01
   2.1200000e+04   1.8321455e+01
   2.1300000e+04   1.8321455e+01
   2.1400000e+04   1.8321455e+01
   2.1500000e+04   1.8321455e+01
   2.1600000e+04   1.8321455e+01
   2.1700000e+04   1.8321455e+01
   2.1800000e+04   1.8321455e+01
   2.1900000e+04   1.8250034e+01
   2.2000000e+04   1.8250034e+01
   2.2100000e+04   1.6763661e+01
   2.2200000e+04   1.6763661e+01
   2.2300000e+04   1.5084280e+01
   2.2400000e+04   1.5084280e+01
   2.2500000e+04   1.4247262e+01
   2.2600000e+04   1.4247262e+01
   2.2700000e+04   1.4247262e+01
   2.2800000e+04   1.2833680e+01
   2.2900000e+04   1.2833680e+01
   2.3000000e+04   1.0841448e+01
   2.3100000e+04   1.0841448e+01
   2.3200000e+04   1.0841448e+01
   2.3300000e+04   1.0841448e+01
   2.3400000e+04   1.0507400e+01
   2.3500000e+04   1.0507400e+01
   2.3600000e+04   1.0444736e+01
   2.3700000e+04   9.0583397e+00
   2.3800000e+04   9.0583397e+00
   2.3900000e+04   9.0583397e+00
   2.4000000e+04   9.0583397e+00
   2.4100000e+04   6.8863268e+00
   2.4200000e+04   6.8863268e+00
   2.4300000e+04   5.7616168e+00
   2.4400000e+04   5.7616168e+00
   2.4500000e+04   5.7180424e+00
   2.4600000e+04   5.7180424e+00
   2.4700000e+04   5.7180424e+00
   2.4800000e+04   5.7180424e+00
   2.4900000e+04   5.7180424e+00
   2.5000000e+04   5.7180424e+00
   2.5100000e+04   5.7180424e+00
   2.5200000e+04   5.2078513e+00
   2.5300000e+04   5.2078513e+00
   2.5400000e+04   5.2078513e+00
   2.5500000e+04   4.5597982e+00
   2.5600000e+04   3.0262596e+00
   2.5700000e+04   3.0262596e+00
   2.5800000e+04   3.0262596e+00
   2.5900000e+04   3.0262596e+00
   2.6000000e+04   3.0262596e+00
   2.6100000e+04   3.0262596e+00
   2.6200000e+04   3.0262596e+00
   2.6300000e+04   3.0262596e+00
   2.6400000e+04   3.0262596e+00
   2.6500000e+04   2.0875368e+00
   2.6600000e+04   2.0875368e+00
   2.6700000e+04   2.0086578e+00
   2.6800000e+04   2.0086578e+00
   2.6900000e+04   2.0086578e+00
   2.7000000e+04   1.8316438e+00
   2.7100000e+04   1.8316438e+00
   2.7200000e+04   1.8316438e+00
   2.7300000e+04   1.8316438e+00
   2.7400000e+04   1.7944313e+00
   2.7500000e+04   1.6324694e+00
   2.7600000e+04   1.6324694e+00
   2.7700000e+04   1.5091296e+00
   2.7800000e+04   1.5091296e+00
   2.7900000e+04   1.4877335e+00
   2.8000000e+04   1.4877335e+00
   2.8100000e+04   1.1698688e+00
   2.8200000e+04   8.6948449e-01
   2.8300000e+04   8.6948449e-01
   2.8400000e+04   8.6948449e-01
   2.8500000e+04   8.6948449e-01
   2.8600000e+04   8.6948449e-01
   2.8700000e+04   8.6948449e-01
   2.8800000e+04   8.6948449e-01
   2.8900000e+04   8.6948449e-01
   2.9000000e+04   8.6948449e-01
   2.9100000e+04   7.9964548e-01
   2.9200000e+04   7.9964548e-01
   2.9300000e+04   7.9964548e-01
   2.9400000e+04   7.9964548e-01
   2.9500000e+04   7.9964548e-01
   2.9600000e+04   7.9964548e-01
   2.9700000e+04   7.9964548e-01
   2.9800000e+04   7.3494749e-01
   2.9900000e+04   6.1306700e-01
   3.0000000e+04   5.4225616e-01
   3.0100000e+04   5.4225616e-01
   3.0200000e+04   5.4225616e-01
   3.0300000e+04   3.4144482e-01
   3.0400000e+04   3.4144482e-01
   3.0500000e+04   3.4144482e-01
   3.0600000e+04   3.4144482e-01
   3.0700000e+04   3.4144482e-01
   3.0800000e+04   3.4144482e-01
   3.0900000e+04   3.4144482e-01
   3.1000000e+04   3.4144482e-01
   3.1100000e+04   3.4144482e-01
   3.1200000e+04   3.4144482e-01
   3.1300000e+04   3.4144482e-01
   3.1400000e+04   3.4144482e-01
   3.1500000e+04   3.0747024e-01
   3.1600000e+04   3.0747024e-01
   3.1700000e+04   3.0747024e-01
   3.1800000e+04   2.4783524e-01
   3.1900000e+04   2.4783524e-01
   3.2000000e+04   2.4783524e-01
   3.2100000e+04   2.4783524e-01
   3.2200000e+04   2.4783524e-01
   3.2300000e+04   2.4783524e-01
   3.2400000e+04   2.4783524e-01
   3.2500000e+04   2.4783524e-01
   3.2600000e+04   2.4783524e-01
   3.2700000e+04   1.8725303e-01
   3.2800000e+04   1.8725303e-01
   3.2900000e+04   1.8725303e-01
   3.3000000e+04   1.8725303e-01
   3.3100000e+04   1.8725303e-01
   3.3200000e+04   1.8116542e-01
   3.3300000e+04   1.8116542e-01
   3.3400000e+04   1.8116542e-01
   3.3500000e+04   1.8116542e-01
   3.3600000e+04   1.8116542e-01
   3.3700000e+04   1.8116542e-01
   3.3800000e+04   1.8116542e-01
   3.3900000e+04   1.8116542e-01
   3.4000000e+04   1.8116542e-01
   3.4100000e+04   1.4964883e-01
   3.4200000e+04   1.4964883e-01
   3.4300000e+04   1.4964883e-01
   3.4400000e+04   1.4964883e-01
   3.4500000e+04   1.4964883e-01
   3.4600000e+04   1.4964883e-01
   3.4700000e+04   1.4964883e-01
   3.4800000e+04   1.3307670e-01
   3.4900000e+04   1.3307670e-01
   3.5000000e+04   1.3307670e-01
   3.5100000e+04   1.3307670e-01
   3.5200000e+04   1.3307670e-01
   3.5300000e+04   1.3307670e-01
   3.5400000e+04   1.3307670e-01
   3.5500000e+04   1.3307670e-01
   3.5600000e+04   1.3307670e-01
   3.5700000e+04   1.0201134e-01
   3.5800000e+04   1.0201134e-01
   3.5900000e+04   1.0201134e-01
   3.6000000e+04   1.0201134e-01
   3.6100000e+04   7.1097528e-02
   3.6200000e+04   7.1097528e-02
   3.6300000e+04   7.1097528e-02
   3.6400000e+04   7.1097528e-02
   3.6500000e+04   7.1097528e-02
   3.6600000e+04   7.1097528e-02
   3.6700000e+04   7.1097528e-02
   3.6800000e+04   7.1097528e-02
   3.6900000e+04   7.1097528e-02
   3.7000000e+04   7.1097528e-02
   3.7100000e+04   7.1097528e-02
   3.7200000e+04   7.1097528e-02
   3.7300000e+04   5.7276674e-02
   3.7400000e+04   5.7276674e-02
   3.7500000e+04   5.7276674e-02
   3.7600000e+04   5.7276674e-02
   3.7700000e+04   5.7276674e-02
   3.7800000e+04   5.7276674e-02
   3.7900000e+04   5.7276674e-02
   3.8000000e+04   5.7276674e-02
   3.8100000e+04   5.3497460e-02
   3.8200000e+04   5.3497460e-02
   3.8300000e+04   5.3497460e-02
   3.8400000e+04   5.3497460e-02
   3.8500000e+04   5.3497460e-02
   3.8600000e+04   4.6838917e-02
   3.8700000e+04   4.6838917e-02
   3.8800000e+04   4.6838917e-02
   3.8900000e+04   4.6838917e-02
   3.9000000e+04   4.6838917e-02
   3.9100000e+04   4.6838917e-02
   3.9200000e+04   4.6838917e-02
   3.9300000e+04   4.6838917e-02
   3.9400000e+04   4.6838917e-02
   3.9500000e+04   4.6838917e-02
   3.9600000e+04   4.6838917e-02
   3.9700000e+04   4.6838917e-02
   3.9800000e+04   4.6838917e-02
   3.9900000e+04   3.5970605e-02
   4.0000000e+04   3.5970605e-02
   4.0100000e+04   3.5970605e-02
   4.0200000e+04   3.5970605e-02
   4.0300000e+04   3.5970605e-02
   4.0400000e+04   3.5970605e-02
   4.0500000e+04   3.5970605e-02
   4.0600000e+04   3.5970605e-02
   4.0700000e+04   3.5970605e-02
   4.0800000e+04   3.5970605e-02
   4.0900000e+04   3.5970605e-02
   4.1000000e+04   3.5970605e-02
   4.1100000e+04   3.5970605e-02
   4.1200000e+04   3.5970605e-02
   4.1300000e+04   3.5970605e-02
   4.1400000e+04   3.5970605e-02
   4.1500000e+04   3.5970605e-02
   4.1600000e+04   3.4823569e-02
   4.1700000e+04   3.4823569e-02
   4.1800000e+04   3.4823569e-02
   4.1900000e+04   3.4823569e-02
   4.2000000e+04   3.4094780e-02
   4.2100000e+04   3.4094780e-02
   4.2200000e+04   3.2540024e-02
   4.2300000e+04   3.2540024e-02
   4.2400000e+04   3.2540024e-02
   4.2500000e+04   3.2540024e-02
   4.2600000e+04   3.2540024e-02
   4.2700000e+04   3.2540024e-02
   4.2800000e+04   3.2540024e-02
   4.2900000e+04   3.2540024e-02
   4.3000000e+04   3.2540024e-02
   4.3100000e+04   3.1829113e-02
   4.3200000e+04   3.1829113e-02
   4.3300000e+04   2.9500397e-02
   4.3400000e+04   2.9500397e-02
   4.3500000e+04   2.9500397e-02
   4.3600000e+04   2.9500397e-02
   4.3700000e+04   2.6380824e-02
   4.3800000e+04   2.6380824e-02
   4.3900000e+04   2.6380824e-02
   4.4000000e+04   2.6380824e-02
   4.4100000e+04   2.6380824e-02
   4.4200000e+04   2.6380824e-02
   4.4300000e+04   2.6380824e-02
   4.4400000e+04   2.6380824e-02
   4.4500000e+04   2.6380824e-02
   4.4600000e+04   2.6380824e-02
   4.4700000e+04   2.6380824e-02
   4.4800000e+04   2.6204981e-02
   4.4900000e+04   2.6204981e-02
   4.5000000e+04   2.6204981e-02
   4.5100000e+04   2.6204981e-02
   4.5200000e+04   2.6204981e-02
   4.5300000e+04   2.6204981e-02
   4.5400000e+04   2.5413877e-02
   4.5500000e+04   2.4581063e-02
   4.5600000e+04   2.4581063e-02
   4.5700000e+04   2.4581063e-02
   4.5800000e+04   2.4581063e-02
   4.5900000e+04   2.4581063e-02
   4.6000000e+04   2.3818142e-02
   4.6100000e+04   2.1437944e-02
   4.6200000e+04   2.1437944e-02
   4.6300000e+04   2.1437944e-02
   4.6400000e+04   2.1437944e-02
   4.6500000e+04   2.1437944e-02
   4.6600000e+04   2.1437944e-02
   4.6700000e+04   2.1437944e-02
   4.6800000e+04   2.1437944e-02
   4.6900000e+04   2.1437944e-02
   4.7000000e+04   2.1437944e-02
   4.7100000e+04   2.1437944e-02
   4.7200000e+04   2.1437944e-02
   4.7300000e+04   2.1165905e-02
   4.7400000e+04   2.1165905e-02
   4.7500000e+04   2.1165905e-02
   4.7600000e+04   1.9453318e-02
   4.7700000e+04   1.9008154e-02
   4.7800000e+04   1.9008154e-02
   4.7900000e+04   1.8786597e-02
   4.8000000e+04   1.8630479e-02
   4.8100000e+04   1.7707839e-02
   4.8200000e+04   1.7707839e-02
   4.8300000e+04   1.6395324e-02
   4.8400000e+04   1.6395324e-02
   4.8500000e+04   1.6395324e-02
   4.8600000e+04   1.6395324e-02
   4.8700000e+04   1.6395324e-02
   4.8800000e+04   1.6395324e-02
   4.8900000e+04   1.6395324e-02
   4.9000000e+04   1.6395324e-02
   4.9100000e+04   1.6395324e-02
   4.9200000e+04   1.6395324e-02
   4.9300000e+04   1.6395324e-02
   4.9400000e+04   1.6395324e-02
   4.9500000e+04   1.6395324e-02
   4.9600000e+04   1.6395324e-02
   4.9700000e+04   1.3608465e-02
   4.9800000e+04   1.3608465e-02
   4.9900000e+04   1.3235674e-02
   5.0000000e+04   1.3235674e-02
   5.0100000e+04   1.3235674e-02
   5.0200000e+04   1.3235674e-02
   5.0300000e+04   1.3235674e-02
   5.0400000e+04   1.3235674e-02
   5.0500000e+04   1.3235674e-02
   5.0600000e+04   1.3235674e-02
   5.0700000e+04   1.3235674e-02
   5.0800000e+04   1.3235674e-02
   5.0900000e+04   1.3235674e-02
   5.1000000e+04   1.3235674e-02
   5.1100000e+04   1.3235674e-02
   5.1200000e+04   1.3235674e-02
   5.1300000e+04   1.3235674e-02
   5.1400000e+04   1.3235674e-02
   5.1500000e+04   1.3235674e-02
   5.1600000e+04   1.3235674e-02
   5.1700000e+04   1.3235674e-02
   5.1800000e+04   1.3235674e-02
   5.1900000e+04   1.3235674e-02
   5.2000000e+04   1.2560889e-02
   5.2100000e+04   1.2560889e-02
   5.2200000e+04   1.2560889e-02
   5.2300000e+04   1.2560889e-02
   5.2400000e+04   1.2427951e-02
   5.2500000e+04   1.2427951e-02
   5.2600000e+04   1.2427951e-02
   5.2700000e+04   1.2427951e-02
   5.2800000e+04   1.2427951e-02
   5.2900000e+04   1.2427951e-02
   5.3000000e+04   1.2427693e-02
   5.3100000e+04   1.2427693e-02
   5.3200000e+04   1.2427693e-02
   5.3300000e+04   1.2427693e-02
   5.3400000e+04   1.2417555e-02
   5.3500000e+04   1.2389602e-02
   5.3600000e+04   1.2344519e-02
   5.3700000e+04   1.2344519e-02
   5.3800000e+04   1.2297896e-02
   5.3900000e+04   1.2297896e-02
   5.4000000e+04   1.2135807e-02
   5.4100000e+04   1.2004364e-02
   5.4200000e+04   1.2004364e-02
   5.4300000e+04   1.2004364e-02
   5.4400000e+04   1.1921770e-02
   5.4500000e+04   1.1921770e-02
   5.4600000e+04   1.1411307e-02
   5.4700000e+04   1.1411307e-02
   5.4800000e+04   1.1411307e-02
   5.4900000e+04   1.1411307e-02
   5.5000000e+04   1.1411307e-02
   5.5100000e+04   1.1411307e-02
   5.5200000e+04   1.1411307e-02
   5.5300000e+04   1.1411307e-02
   5.5400000e+04   1.1377898e-02
   5.5500000e+04   1.1377898e-02
   5.5600000e+04   1.1377898e-02
   5.5700000e+04   1.1377898e-02
   5.5800000e+04   1.1377898e-02
   5.5900000e+04   1.1377898e-02
   5.6000000e+04   1.1377898e-02
   5.6100000e+04   1.1377898e-02
   5.6200000e+04   1.1377898e-02
   5.6300000e+04   1.1377898e-02
   5.6400000e+04   1.0749853e-02
   5.6500000e+04   1.0749853e-02
   5.6600000e+04   1.0570328e-02
   5.6700000e+04   1.0570328e-02
   5.6800000e+04   1.0570328e-02
   5.6900000e+04   1.0560863e-02
   5.7000000e+04   1.0560863e-02
   5.7100000e+04   1.0560863e-02
   5.7200000e+04   1.0560863e-02
   5.7300000e+04   1.0535832e-02
   5.7400000e+04   1.0535832e-02
   5.7500000e+04   1.0502200e-02
   5.7600000e+04   1.0502200e-02
   5.7700000e+04   1.0502200e-02
   5.7800000e+04   1.0502200e-02
   5.7900000e+04   1.0301336e-02
   5.8000000e+04   1.0295407e-02
   5.8100000e+04   1.0256704e-02
   5.8200000e+04   9.8057618e-03
   5.8300000e+04   9.8057618e-03
   5.8400000e+04   9.8057618e-03
   5.8500000e+04   9.8057618e-03
   5.8600000e+04   9.8057618e-03
   5.8700000e+04   9.8057618e-03
   5.8800000e+04   9.8057618e-03
   5.8900000e+04   9.8057618e-03
   5.9000000e+04   9.6592421e-03
   5.9100000e+04   9.4072070e-03
   5.9200000e+04   9.4072070e-03
   5.9300000e+04   9.4072070e-03
   5.9400000e+04   9.4072070e-03
   5.9500000e+04   9.4072070e-03
   5.9600000e+04   9.4072070e-03
   5.9700000e+04   9.4072070e-03
   5.9800000e+04   9.3679204e-03
   5.9900000e+04   9.3679204e-03
   6.0000000e+04   9.3315891e-03
   6.0100000e+04   9.3315891e-03
   6.0200000e+04   9.3315891e-03
   6.0300000e+04   9.3315891e-03
   6.0400000e+04   9.3315891e-03
   6.0500000e+04   9.3315891e-03
   6.0600000e+04   9.3315891e-03
   6.0700000e+04   9.3315891e-03
   6.0800000e+04   9.2347566e-03
   6.0900000e+04   8.9660536e-03
   6.1000000e+04   8.9660536e-03
   6.1100000e+04   8.9310012e-03
   6.1200000e+04   8.9310012e-03
   6.1300000e+04   8.9310012e-03
   6.1400000e+04   8.8022664e-03
   6.1500000e+04   8.8022664e-03
   6.1600000e+04   8.8022664e-03
   6.1700000e+04   8.8022664e-03
   6.1800000e+04   8.7240888e-03
   6.1900000e+04   8.6499532e-03
   6.2000000e+04   8.6499532e-03
   6.2100000e+04   8.1067841e-03
   6.2200000e+04   8.1067841e-03
   6.2300000e+04   8.1067841e-03
   6.2400000e+04   8.1067841e-03
   6.2500000e+04   8.0947645e-03
   6.2600000e+04   8.0947645e-03
   6.2700000e+04   8.0947645e-03
   6.2800000e+04   8.0947645e-03
   6.2900000e+04   8.0947645e-03
   6.3000000e+04   8.0947645e-03
   6.3100000e+04   8.0947645e-03
   6.3200000e+04   8.0947645e-03
   6.3300000e+04   8.0947645e-03
   6.3400000e+04   8.0947645e-03
   6.3500000e+04   8.0947645e-03
   6.3600000e+04   8.0947645e-03
   6.3700000e+04   8.0138369e-03
   6.3800000e+04   8.0138369e-03
   6.3900000e+04   7.7705043e-03
   6.4000000e+04   7.7705043e-03
   6.4100000e+04   7.7705043e-03
   6.4200000e+04   7.7705043e-03
   6.4300000e+04   7.7705043e-03
   6.4400000e+04   7.7705043e-03
   6.4500000e+04   7.7705043e-03
   6.4600000e+04   7.7705043e-03
   6.4700000e+04   7.6530160e-03
   6.4800000e+04   7.6530160e-03
   6.4900000e+04   7.6530160e-03
   6.5000000e+04   7.6530160e-03
   6.5100000e+04   7.3493188e-03
   6.5200000e+04   7.3493188e-03
   6.5300000e+04   7.3493188e-03
   6.5400000e+04   7.3493188e-03
   6.5500000e+04   7.3493188e-03
   6.5600000e+04   7.3493188e-03
   6.5700000e+04   7.3493188e-03
   6.5800000e+04   7.3493188e-03
   6.5900000e+04   7.3493188e-03
   6.6000000e+04   7.3493188e-03
   6.6100000e+04   7.3493188e-03
   6.6200000e+04   7.3493188e-03
   6.6300000e+04   7.0986045e-03
   6.6400000e+04   7.0986045e-03
   6.6500000e+04   7.0693924e-03
   6.6600000e+04   7.0693924e-03
   6.6700000e+04   7.0693924e-03
   6.6800000e+04   7.0693924e-03
   6.6900000e+04   6.6572516e-03
   6.7000000e+04   6.6572516e-03
   6.7100000e+04   6.6572516e-03
   6.7200000e+04   6.6572516e-03
   6.7300000e+04   6.6572516e-03
   6.7400000e+04   6.6572516e-03
   6.7500000e+04   6.6572516e-03
   6.7600000e+04   6.6572516e-03
   6.7700000e+04   6.6572516e-03
   6.7800000e+04   6.6572516e-03
   6.7900000e+04   6.6482397e-03
   6.8000000e+04   6.6482397e-03
   6.8100000e+04   6.6205038e-03
   6.8200000e+04   6.6205038e-03
   6.8300000e+04   6.6205038e-03
   6.8400000e+04   6.6121981e-03
   6.8500000e+04   6.6121981e-03
   6.8600000e+04   6.6121981e-03
   6.8700000e+04   6.6121981e-03
   6.8800000e+04   6.6121981e-03
   6.8900000e+04   6.6121981e-03
   6.9000000e+04   6.3499733e-03
   6.9100000e+04   6.3499733e-03
   6.9200000e+04   6.1128358e-03
   6.9300000e+04   6.1128358e-03
   6.9400000e+04   6.1128358e-03
   6.9500000e+04   6.1128358e-03
   6.9600000e+04   6.1128358e-03
   6.9700000e+04   6.1128358e-03
   6.9800000e+04   6.1128358e-03
   6.9900000e+04   6.0882379e-03
   7.0000000e+04   6.0882379e-03
   7.0100000e+04   6.0882379e-03
   7.0200000e+04   5.9759844e-03
   7.0300000e+04   5.5980544e-03
   7.0400000e+04   5.5980544e-03
   7.0500000e+04   5.5980544e-03
   7.0600000e+04   5.5980544e-03
   7.0700000e+04   5.5980544e-03
   7.0800000e+04   5.5980544e-03
   7.0900000e+04   5.5980544e-03
   7.1000000e+04   5.5980544e-03
   7.1100000e+04   5.5980544e-03
   7.1200000e+04   5.5980544e-03
   7.1300000e+04   5.5551705e-03
   7.1400000e+04   5.5551705e-03
   7.1500000e+04   5.5551705e-03
   7.1600000e+04   5.5551705e-03
   7.1700000e+04   5.5551705e-03
   7.1800000e+04   5.5423103e-03
   7.1900000e+04   5.5423103e-03
   7.2000000e+04   5.3169896e-03
   7.2100000e+04   5.3169896e-03
   7.2200000e+04   5.3169896e-03
   7.2300000e+04   5.3169896e-03
   7.2400000e+04   5.3169896e-03
   7.2500000e+04   5.3169896e-03
   7.2600000e+04   4.9779886e-03
   7.2700000e+04   4.9779886e-03
   7.2800000e+04   4.9779886e-03
   7.2900000e+04   4.9779886e-03
   7.3000000e+04   4.9779886e-03
   7.3100000e+04   4.9779886e-03
   7.3200000e+04   4.9779886e-03
   7.3300000e+04   4.9618179e-03
   7.3400000e+04   4.5752137e-03
   7.3500000e+04   4.5752137e-03
   7.3600000e+04   4.5752137e-03
   7.3700000e+04   4.5752137e-03
   7.3800000e+04   4.5752137e-03
   7.3900000e+04   4.2777748e-03
   7.4000000e+04   4.2777748e-03
   7.4100000e+04   4.2777748e-03
   7.4200000e+04   4.2777748e-03
   7.4300000e+04   4.2777748e-03
   7.4400000e+04   4.2777748e-03
   7.4500000e+04   4.2777748e-03
   7.4600000e+04   4.2777748e-03
   7.4700000e+04   4.2777748e-03
   7.4800000e+04   4.2777748e-03
   7.4900000e+04   4.2777748e-03
   7.5000000e+04   4.2777748e-03
   7.5100000e+04   4.2777748e-03
   7.5200000e+04   4.2777748e-03
   7.5300000e+04   4.2777748e-03
   7.5400000e+04   4.2777748e-03
   7.5500000e+04   4.2777748e-03
   7.5600000e+04   4.2777748e-03
   7.5700000e+04   4.2652051e-03
   7.5800000e+04   4.2652051e-03
   7.5900000e+04   4.2652051e-03
   7.6000000e+04   4.1854669e-03
   7.6100000e+04   4.0829589e-03
   7.6200000e+04   4.0829589e-03
   7.6300000e+04   4.0829589e-03
   7.6400000e+04   4.0829589e-03
   7.6500000e+04   4.0829589e-03
   7.6600000e+04   4.0829589e-03
   7.6700000e+04   4.0829589e-03
   7.6800000e+04   4.0829589e-03
   7.6900000e+04   4.0829589e-03
   7.7000000e+04   3.9922918e-03
   7.7100000e+04   3.9922918e-03
   7.7200000e+04   3.9922918e-03
   7.7300000e+04   3.9922918e-03
   7.7400000e+04   3.9922918e-03
   7.7500000e+04   3.9872275e-03
   7.7600000e+04   3.9872275e-03
   7.7700000e+04   3.9872275e-03
   7.7800000e+04   3.9198669e-03
   7.7900000e+04   3.9198669e-03
   7.8000000e+04   3.9198669e-03
   7.8100000e+04   3.9198669e-03
   7.8200000e+04   3.9198669e-03
   7.8300000e+04   3.8170587e-03
   7.8400000e+04   3.8170587e-03
   7.8500000e+04   3.8170587e-03
   7.8600000e+04   3.8170587e-03
   7.8700000e+04   3.6182689e-03
   7.8800000e+04   3.6182689e-03
   7.8900000e+04   3.6182689e-03
   7.9000000e+04   3.6182689e-03
   7.9100000e+04   3.6182689e-03
   7.9200000e+04   3.5980331e-03
   7.9300000e+04   3.5980331e-03
   7.9400000e+04   3.5980331e-03
   7.9500000e+04   3.5980331e-03
   7.9600000e+04   3.5980331e-03
   7.9700000e+04   3.5980331e-03
   7.9800000e+04   3.5980331e-03
   7.9900000e+04   3.5980331e-03
   8.0000000e+04   3.5980331e-03
   8.0100000e+04   3.5980331e-03
   8.0200000e+04   3.5980331e-03
   8.0300000e+04   3.5980331e-03
   8.0400000e+04   3.5123808e-03
   8.0500000e+04   3.5123808e-03
   8.0600000e+04   3.4634734e-03
   8.0700000e+04   3.4634734e-03
   8.0800000e+04   3.4634734e-03
   8.0900000e+04   3.4578001e-03
   8.1000000e+04   3.4578001e-03
   8.1100000e+04   3.4578001e-03
   8.1200000e+04   3.4578001e-03
   8.1300000e+04   3.4578001e-03
   8.1400000e+04   3.4578001e-03
   8.1500000e+04   3.4578001e-03
   8.1600000e+04   3.4357285e-03
   8.1700000e+04   3.4357285e-03
   8.1800000e+04   3.4357285e-03
   8.1900000e+04   3.4357285e-03
   8.2000000e+04   3.4357285e-03
   8.2100000e+04   3.3364196e-03
   8.2200000e+04   3.3364196e-03
   8.2300000e+04   3.3364196e-03
   8.2400000e+04   3.3364196e-03
   8.2500000e+04   3.3364196e-03
   8.2600000e+04   3.3364196e-03
   8.2700000e+04   3.3364196e-03
   8.2800000e+04   3.3364196e-03
   8.2900000e+04   3.3364196e-03
   8.3000000e+04   3.3364196e-03
   8.3100000e+04   3.3341069e-03
   8.3200000e+04   3.3341069e-03
   8.3300000e+04   3.2968178e-03
   8.3400000e+04   3.2968178e-03
   8.3500000e+04   3.2968178e-03
   8.3600000e+04   3.2682216e-03
   8.3700000e+04   3.2020854e-03
   8.3800000e+04   3.2020854e-03
   8.3900000e+04   3.2020854e-03
   8.4000000e+04   3.0971000e-03
   8.4100000e+04   2.9899122e-03
   8.4200000e+04   2.9899122e-03
   8.4300000e+04   2.9899122e-03
   8.4400000e+04   2.9899122e-03
   8.4500000e+04   2.9824334e-03
   8.4600000e+04   2.9824334e-03
   8.4700000e+04   2.9824334e-03
   8.4800000e+04   2.9824334e-03
   8.4900000e+04   2.9824334e-03
   8.5000000e+04   2.9824334e-03
   8.5100000e+04   2.9824334e-03
   8.5200000e+04   2.9824334e-03
   8.5300000e+04   2.9824334e-03
   8.5400000e+04   2.9824334e-03
   8.5500000e+04   2.9824334e-03
   8.5600000e+04   2.9824334e-03
   8.5700000e+04   2.9824334e-03
   8.5800000e+04   2.9824334e-03
   8.5900000e+04   2.8734418e-03
   8.6000000e+04   2.8597253e-03
   8.6100000e+04   2.8597253e-03
   8.6200000e+04   2.8597253e-03
   8.6300000e+04   2.8597253e-03
   8.6400000e+04   2.8597253e-03
   8.6500000e+04   2.8260393e-03
   8.6600000e+04   2.8260393e-03
   8.6700000e+04   2.8260393e-03
   8.6800000e+04   2.8260393e-03
   8.6900000e+04   2.8260393e-03
   8.7000000e+04   2.8260393e-03
   8.7100000e+04   2.8260393e-03
   8.7200000e+04   2.8260393e-03
   8.7300000e+04   2.8260393e-03
   8.7400000e+04   2.8027382e-03
   8.7500000e+04   2.8027382e-03
   8.7600000e+04   2.8027382e-03
   8.7700000e+04   2.8027382e-03
   8.7800000e+04   2.8027382e-03
   8.7900000e+04   2.7736537e-03
   8.8000000e+04   2.7638897e-03
   8.8100000e+04   2.7638897e-03
   8.8200000e+04   2.7638897e-03
   8.8300000e+04   2.7638897e-03
   8.8400000e+04   2.7638897e-03
   8.8500000e+04   2.7638897e-03
   8.8600000e+04   2.6710142e-03
   8.8700000e+04   2.6710142e-03
   8.8800000e+04   2.6710142e-03
   8.8900000e+04   2.6710142e-03
   8.9000000e+04   2.6710142e-03
   8.9100000e+04   2.6261534e-03
   8.9200000e+04   2.6261534e-03
   8.9300000e+04   2.6261534e-03
   8.9400000e+04   2.6261534e-03
   8.9500000e+04   2.6261534e-03
   8.9600000e+04   2.6261534e-03
   8.9700000e+04   2.6261534e-03
   8.9800000e+04   2.6261534e-03
   8.9900000e+04   2.6261534e-03
   9.0000000e+04   2.6026619e-03
   9.0100000e+04   2.6026619e-03
   9.0200000e+04   2.6026619e-03
   9.0300000e+04   2.5609963e-03
   9.0400000e+04   2.5609963e-03
   9.0500000e+04   2.5144550e-03
   9.0600000e+04   2.5144550e-03
   9.0700000e+04   2.5144550e-03
   9.0800000e+04   2.5144550e-03
   9.0900000e+04   2.5144550e-03
   9.1000000e+04   2.5089048e-03
   9.1100000e+04   2.4962962e-03
   9.1200000e+04   2.4609921e-03
   9.1300000e+04   2.4066963e-03
   9.1400000e+04   2.4066963e-03
   9.1500000e+04   2.3566040e-03
   9.1600000e+04   2.1305109e-03
   9.1700000e+04   2.1305109e-03
   9.1800000e+04   2.1305109e-03
   9.1900000e+04   2.1305109e-03
   9.2000000e+04   2.1305109e-03
   9.2100000e+04   2.1222924e-03
   9.2200000e+04   2.1222924e-03
   9.2300000e+04   2.1077746e-03
   9.2400000e+04   2.1077746e-03
   9.2500000e+04   2.1077746e-03
   9.2600000e+04   2.1077746e-03
   9.2700000e+04   2.1077746e-03
   9.2800000e+04   1.9125042e-03
   9.2900000e+04   1.9125042e-03
   9.3000000e+04   1.9125042e-03
   9.3100000e+04   1.9125042e-03
   9.3200000e+04   1.9084480e-03
   9.3300000e+04   1.9084480e-03
   9.3400000e+04   1.9084480e-03
   9.3500000e+04   1.8997035e-03
   9.3600000e+04   1.8997035e-03
   9.3700000e+04   1.8997035e-03
   9.3800000e+04   1.8062267e-03
   9.3900000e+04   1.7999872e-03
   9.4000000e+04   1.7999872e-03
   9.4100000e+04   1.7999872e-03
   9.4200000e+04   1.7999872e-03
   9.4300000e+04   1.7999872e-03
   9.4400000e+04   1.6869486e-03
   9.4500000e+04   1.6869486e-03
   9.4600000e+04   1.6869486e-03
   9.4700000e+04   1.6869486e-03
   9.4800000e+04   1.4612547e-03
   9.4900000e+04   1.4612547e-03
   9.5000000e+04   1.4612547e-03
   9.5100000e+04   1.4612547e-03
   9.5200000e+04   1.4612547e-03
   9.5300000e+04   1.4612547e-03
   9.5400000e+04   1.4612547e-03
   9.5500000e+04   1.4612547e-03
   9.5600000e+04   1.4612547e-03
   9.5700000e+04   1.4612547e-03
   9.5800000e+04   1.4612547e-03
   9.5900000e+04   1.3037832e-03
   9.6000000e+04   1.3037832e-03
   9.6100000e+04   1.3037832e-03
   9.6200000e+04   1.3037832e-03
   9.6300000e+04   1.3037832e-03
   9.6400000e+04   1.3037832e-03
   9.6500000e+04   1.3037832e-03
   9.6600000e+04   1.3037832e-03
   9.6700000e+04   1.3037832e-03
   9.6800000e+04   1.3037832e-03
   9.6900000e+04   1.3037832e-03
   9.7000000e+04   1.3037832e-03
   9.7100000e+04   1.3037832e-03
   9.7200000e+04   1.3037832e-03
   9.7300000e+04   1.3037832e-03
   9.7400000e+04   1.2585216e-03
   9.7500000e+04   1.2494558e-03
   9.7600000e+04   1.2482864e-03
   9.7700000e+04   1.2482864e-03
   9.7800000e+04   1.2482864e-03
   9.7900000e+04   1.1766559e-03
   9.8000000e+04   1.1766559e-03
   9.8100000e+04   1.1766559e-03
   9.8200000e+04   1.1766559e-03
   9.8300000e+04   1.1766559e-03
   9.8400000e+04   1.1766559e-03
   9.8500000e+04   1.1766559e-03
   9.8600000e+04   1.1462295e-03
   9.8700000e+04   1.1462295e-03
   9.8800000e+04   1.1462295e-03
   9.8900000e+04   1.1362301e-03
   9.9000000e+04   1.1362301e-03
   9.9100000e+04   9.6661732e-04
   9.9200000e+04   9.6661732e-04
   9.9300000e+04   9.6661732e-04
   9.9400000e+04   9.6661732e-04
   9.9500000e+04   9.6661732e-04
   9.9600000e+04   9.6661732e-04
   9.9700000e+04   9.6661732e-04
   9.9800000e+04   9.6661732e-04
   9.9900000e+04   9.6661732e-04
   1.0000000e+05   8.7979826e-04
   1.0000000e+05   8.7979826e-04
