   1.0000000e+02   1.0018446e+06
   2.0000000e+02   1.0011217e+06
   3.0000000e+02   2.8908561e+04
   4.0000000e+02   2.8908561e+04
   5.0000000e+02   1.5712520e+04
   6.0000000e+02   1.5712520e+04
   7.0000000e+02   1.5712520e+04
   8.0000000e+02   7.0008440e+03
   9.0000000e+02   7.0008440e+03
   1.0000000e+03   7.0008440e+03
   1.1000000e+03   7.0008440e+03
   1.2000000e+03   7.0008440e+03
   1.3000000e+03   7.0008440e+03
   1.4000000e+03   7.0008440e+03
   1.5000000e+03   7.0008440e+03
   1.6000000e+03   7.0008440e+03
   1.7000000e+03   7.0008440e+03
   1.8000000e+03   7.0008440e+03
   1.9000000e+03   7.0008440e+03
   2.0000000e+03   7.0008440e+03
   2.1000000e+03   7.0008440e+03
   2.2000000e+03   5.1909624e+03
   2.3000000e+03   1.8621345e+03
   2.4000000e+03   1.8621345e+03
   2.5000000e+03   1.8621345e+03
   2.6000000e+03   1.8621345e+03
   2.7000000e+03   1.8621345e+03
   2.8000000e+03   1.8621345e+03
   2.9000000e+03   1.8621345e+03
   3.0000000e+03   1.8621345e+03
   3.1000000e+03   1.8621345e+03
   3.2000000e+03   1.8621345e+03
   3.3000000e+03   1.8621345e+03
   3.4000000e+03   1.8621345e+03
   3.5000000e+03   1.8621345e+03
   3.6000000e+03   1.8621345e+03
   3.7000000e+03   1.8621345e+03
   3.8000000e+03   1.8621345e+03
   3.9000000e+03   1.0474048e+03
   4.0000000e+03   1.0474048e+03
   4.1000000e+03   1.0474048e+03
   4.2000000e+03   1.0474048e+03
   4.3000000e+03   1.0474048e+03
   4.4000000e+03   8.5405117e+02
   4.5000000e+03   7.7213257e+02
   4.6000000e+03   5.6871188e+02
   4.7000000e+03   5.6871188e+02
   4.8000000e+03   5.6871188e+02
   4.9000000e+03   5.6871188e+02
   5.0000000e+03   5.6871188e+02
   5.1000000e+03   5.6871188e+02
   5.2000000e+03   4.4533821e+02
   5.3000000e+03   4.4533821e+02
   5.4000000e+03   4.4533821e+02
   5.5000000e+03   4.3756273e+02
   5.6000000e+03   4.3756273e+02
   5.7000000e+03   4.3756273e+02
   5.8000000e+03   4.3756273e+02
   5.9000000e+03   4.3756273e+02
   6.0000000e+03   4.3756273e+02
   6.1000000e+03   4.3756273e+02
   6.2000000e+03   4.2939561e+02
   6.3000000e+03   4.2939561e+02
   6.4000000e+03   4.2939561e+02
   6.5000000e+03   4.2939561e+02
   6.6000000e+03   4.2939561e+02
   6.7000000e+03   4.2939561e+02
   6.8000000e+03   4.2939561e+02
   6.9000000e+03   4.2939561e+02
   7.0000000e+03   4.2939561e+02
   7.1000000e+03   4.2939561e+02
   7.2000000e+03   4.2939561e+02
   7.3000000e+03   4.2753825e+02
   7.4000000e+03   4.2753825e+02
   7.5000000e+03   4.2753825e+02
   7.6000000e+03   4.2753825e+02
   7.7000000e+03   4.2753825e+02
   7.8000000e+03   4.2582100e+02
   7.9000000e+03   4.2582100e+02
   8.0000000e+03   4.2582100e+02
   8.1000000e+03   4.2582100e+02
   8.2000000e+03   4.2582100e+02
   8.3000000e+03   4.2582100e+02
   8.4000000e+03   4.0715272e+02
   8.5000000e+03   4.0715272e+02
   8.6000000e+03   4.0715272e+02
   8.7000000e+03   4.0715272e+02
   8.8000000e+03   4.0715272e+02
   8.9000000e+03   4.0715272e+02
   9.0000000e+03   4.0715272e+02
   9.1000000e+03   4.0715272e+02
   9.2000000e+03   4.0715272e+02
   9.3000000e+03   4.0715272e+02
   9.4000000e+03   4.0715272e+02
   9.5000000e+03   4.0715272e+02
   9.6000000e+03   4.0715272e+02
   9.7000000e+03   4.0715272e+02
   9.8000000e+03   4.0715272e+02
   9.9000000e+03   4.0715272e+02
   1.0000000e+04   4.0715272e+02
   1.0100000e+04   4.0715272e+02
   1.0200000e+04   4.0715272e+02
   1.0300000e+04   4.0715272e+02
   1.0400000e+04   4.0715272e+02
   1.0500000e+04   4.0715272e+02
   1.0600000e+04   4.0715272e+02
   1.0700000e+04   4.0715272e+02
   1.0800000e+04   4.0715272e+02
   1.0900000e+04   4.0715272e+02
   1.1000000e+04   4.0715272e+02
   1.1100000e+04   4.0715272e+02
   1.1200000e+04   4.0715272e+02
   1.1300000e+04   4.0715272e+02
   1.1400000e+04   4.0715272e+02
   1.1500000e+04   4.0715272e+02
   1.1600000e+04   4.0715272e+02
   1.1700000e+04   4.0715272e+02
   1.1800000e+04   4.0715272e+02
   1.1900000e+04   4.0715272e+02
   1.2000000e+04   4.0715272e+02
   1.2100000e+04   4.0715272e+02
   1.2200000e+04   4.0715272e+02
   1.2300000e+04   4.0715272e+02
   1.2400000e+04   4.0715272e+02
   1.2500000e+04   4.0715272e+02
   1.2600000e+04   4.0715272e+02
   1.2700000e+04   4.0715272e+02
   1.2800000e+04   4.0715272e+02
   1.2900000e+04   4.0715272e+02
   1.3000000e+04   4.0715272e+02
   1.3100000e+04   4.0715272e+02
   1.3200000e+04   4.0715272e+02
   1.3300000e+04   4.0715272e+02
   1.3400000e+04   4.0715272e+02
   1.3500000e+04   4.0715272e+02
   1.3600000e+04   4.0715272e+02
   1.3700000e+04   4.0715272e+02
   1.3800000e+04   4.0715272e+02
   1.3900000e+04   4.0715272e+02
   1.4000000e+04   4.0715272e+02
   1.4100000e+04   4.0715272e+02
   1.4200000e+04   4.0715272e+02
   1.4300000e+04   4.0715272e+02
   1.4400000e+04   4.0715272e+02
   1.4500000e+04   4.0715272e+02
   1.4600000e+04   4.0715272e+02
   1.4700000e+04   4.0715272e+02
   1.4800000e+04   4.0715272e+02
   1.4900000e+04   4.0715272e+02
   1.5000000e+04   4.0715272e+02
   1.5100000e+04   4.0715272e+02
   1.5200000e+04   4.0231100e+02
   1.5300000e+04   4.0231100e+02
   1.5400000e+04   4.0171839e+02
   1.5500000e+04   4.0171839e+02
   1.5600000e+04   4.0171839e+02
   1.5700000e+04   4.0171839e+02
   1.5800000e+04   4.0171839e+02
   1.5900000e+04   4.0135285e+02
   1.6000000e+04   3.7666575e+02
   1.6100000e+04   3.7666575e+02
   1.6200000e+04   3.7666575e+02
   1.6300000e+04   3.7666575e+02
   1.6400000e+04   3.7454922e+02
   1.6500000e+04   3.7454922e+02
   1.6600000e+04   3.6932535e+02
   1.6700000e+04   3.6932535e+02
   1.6800000e+04   3.6755712e+02
   1.6900000e+04   3.6755712e+02
   1.7000000e+04   3.6436551e+02
   1.7100000e+04   3.6218959e+02
   1.7200000e+04   3.5634413e+02
   1.7300000e+04   3.4608484e+02
   1.7400000e+04   3.4608484e+02
   1.7500000e+04   3.4608484e+02
   1.7600000e+04   3.0480689e+02
   1.7700000e+04   3.0480689e+02
   1.7800000e+04   2.7061072e+02
   1.7900000e+04   2.7061072e+02
   1.8000000e+04   2.7061072e+02
   1.8100000e+04   2.7061072e+02
   1.8200000e+04   2.7061072e+02
   1.8300000e+04   2.5996577e+02
   1.8400000e+04   2.5996577e+02
   1.8500000e+04   2.5996577e+02
   1.8600000e+04   2.5996577e+02
   1.8700000e+04   2.5996577e+02
   1.8800000e+04   2.5996577e+02
   1.8900000e+04   2.5996577e+02
   1.9000000e+04   2.5996577e+02
   1.9100000e+04   2.5996577e+02
   1.9200000e+04   2.5996577e+02
   1.9300000e+04   2.5996577e+02
   1.9400000e+04   2.5792403e+02
   1.9500000e+04   2.5281346e+02
   1.9600000e+04   2.5281346e+02
   1.9700000e+04   2.5281346e+02
   1.9800000e+04   2.4493567e+02
   1.9900000e+04   2.4493567e+02
   2.0000000e+04   2.4493567e+02
   2.0100000e+04   2.4493567e+02
   2.0200000e+04   2.4277909e+02
   2.0300000e+04   2.4277909e+02
   2.0400000e+04   2.4277909e+02
   2.0500000e+04   2.4277909e+02
   2.0600000e+04   2.4233947e+02
   2.0700000e+04   2.4233947e+02
   2.0800000e+04   2.3866421e+02
   2.0900000e+04   2.3866421e+02
   2.1000000e+04   2.3866421e+02
   2.1100000e+04   2.3866421e+02
   2.1200000e+04   2.3334983e+02
   2.1300000e+04   2.2495219e+02
   2.1400000e+04   2.1084849e+02
   2.1500000e+04   2.1084849e+02
   2.1600000e+04   2.1084849e+02
   2.1700000e+04   2.1084849e+02
   2.1800000e+04   2.1084849e+02
   2.1900000e+04   2.1084849e+02
   2.2000000e+04   2.0367716e+02
   2.2100000e+04   2.0345110e+02
   2.2200000e+04   2.0345110e+02
   2.2300000e+04   2.0253745e+02
   2.2400000e+04   2.0253745e+02
   2.2500000e+04   1.9939605e+02
   2.2600000e+04   1.9828320e+02
   2.2700000e+04   1.9828320e+02
   2.2800000e+04   1.8446529e+02
   2.2900000e+04   1.8446529e+02
   2.3000000e+04   1.8008555e+02
   2.3100000e+04   1.6966191e+02
   2.3200000e+04   1.4791190e+02
   2.3300000e+04   1.4791190e+02
   2.3400000e+04   1.4623245e+02
   2.3500000e+04   1.3741322e+02
   2.3600000e+04   1.3741322e+02
   2.3700000e+04   1.3741322e+02
   2.3800000e+04   1.3741322e+02
   2.3900000e+04   1.1801102e+02
   2.4000000e+04   1.0908253e+02
   2.4100000e+04   1.0165314e+02
   2.4200000e+04   9.9694175e+01
   2.4300000e+04   9.3944067e+01
   2.4400000e+04   9.3944067e+01
   2.4500000e+04   9.3944067e+01
   2.4600000e+04   9.3944067e+01
   2.4700000e+04   9.0027450e+01
   2.4800000e+04   8.4275848e+01
   2.4900000e+04   7.3000084e+01
   2.5000000e+04   7.3000084e+01
   2.5100000e+04   7.2143349e+01
   2.5200000e+04   7.2143349e+01
   2.5300000e+04   7.1370856e+01
   2.5400000e+04   6.9937602e+01
   2.5500000e+04   6.4776670e+01
   2.5600000e+04   6.2115593e+01
   2.5700000e+04   4.5476786e+01
   2.5800000e+04   4.4227362e+01
   2.5900000e+04   4.4227362e+01
   2.6000000e+04   4.4227362e+01
   2.6100000e+04   4.4227362e+01
   2.6200000e+04   4.4227362e+01
   2.6300000e+04   4.4227362e+01
   2.6400000e+04   3.8953830e+01
   2.6500000e+04   3.8689491e+01
   2.6600000e+04   3.8689491e+01
   2.6700000e+04   3.8689491e+01
   2.6800000e+04   3.8689491e+01
   2.6900000e+04   3.8689491e+01
   2.7000000e+04   3.8689491e+01
   2.7100000e+04   3.8689491e+01
   2.7200000e+04   3.8689491e+01
   2.7300000e+04   3.6216191e+01
   2.7400000e+04   3.6216191e+01
   2.7500000e+04   3.6216191e+01
   2.7600000e+04   3.6216191e+01
   2.7700000e+04   3.6216191e+01
   2.7800000e+04   3.6216191e+01
   2.7900000e+04   3.5271079e+01
   2.8000000e+04   3.0874670e+01
   2.8100000e+04   3.0874670e+01
   2.8200000e+04   3.0874670e+01
   2.8300000e+04   3.0874670e+01
   2.8400000e+04   3.0874670e+01
   2.8500000e+04   2.9726430e+01
   2.8600000e+04   2.9726430e+01
   2.8700000e+04   2.9726430e+01
   2.8800000e+04   2.9726430e+01
   2.8900000e+04   2.9489989e+01
   2.9000000e+04   2.5640911e+01
   2.9100000e+04   2.4105628e+01
   2.9200000e+04   2.4105628e+01
   2.9300000e+04   2.3109981e+01
   2.9400000e+04   2.1274474e+01
   2.9500000e+04   1.8582261e+01
   2.9600000e+04   1.6797971e+01
   2.9700000e+04   1.6797971e+01
   2.9800000e+04   1.5765761e+01
   2.9900000e+04   1.5765761e+01
   3.0000000e+04   1.5621327e+01
   3.0100000e+04   1.5621327e+01
   3.0200000e+04   1.5621327e+01
   3.0300000e+04   1.4322008e+01
   3.0400000e+04   1.1412266e+01
   3.0500000e+04   1.1412266e+01
   3.0600000e+04   8.9488708e+00
   3.0700000e+04   8.9488708e+00
   3.0800000e+04   8.9488708e+00
   3.0900000e+04   8.9488708e+00
   3.1000000e+04   8.9488708e+00
   3.1100000e+04   8.8570063e+00
   3.1200000e+04   8.8570063e+00
   3.1300000e+04   8.8570063e+00
   3.1400000e+04   8.8570063e+00
   3.1500000e+04   7.8554276e+00
   3.1600000e+04   7.8554276e+00
   3.1700000e+04   7.8554276e+00
   3.1800000e+04   7.8554276e+00
   3.1900000e+04   7.8554276e+00
   3.2000000e+04   7.8554276e+00
   3.2100000e+04   7.8554276e+00
   3.2200000e+04   7.8554276e+00
   3.2300000e+04   7.6381142e+00
   3.2400000e+04   7.6381142e+00
   3.2500000e+04   7.6381142e+00
   3.2600000e+04   7.6381142e+00
   3.2700000e+04   7.6254203e+00
   3.2800000e+04   7.1809394e+00
   3.2900000e+04   7.1809394e+00
   3.3000000e+04   7.1809394e+00
   3.3100000e+04   7.1809394e+00
   3.3200000e+04   7.1809394e+00
   3.3300000e+04   7.1809394e+00
   3.3400000e+04   7.1783124e+00
   3.3500000e+04   7.1730452e+00
   3.3600000e+04   7.0688359e+00
   3.3700000e+04   7.0688359e+00
   3.3800000e+04   7.0688359e+00
   3.3900000e+04   7.0688359e+00
   3.4000000e+04   7.0688359e+00
   3.4100000e+04   6.7443352e+00
   3.4200000e+04   6.7443352e+00
   3.4300000e+04   6.7443352e+00
   3.4400000e+04   6.7443352e+00
   3.4500000e+04   6.4290469e+00
   3.4600000e+04   6.4290469e+00
   3.4700000e+04   6.4290469e+00
   3.4800000e+04   6.4290469e+00
   3.4900000e+04   6.4290469e+00
   3.5000000e+04   6.4290469e+00
   3.5100000e+04   6.4290469e+00
   3.5200000e+04   6.4290469e+00
   3.5300000e+04   6.4290469e+00
   3.5400000e+04   6.4232447e+00
   3.5500000e+04   6.4232447e+00
   3.5600000e+04   6.4232447e+00
   3.5700000e+04   6.2550242e+00
   3.5800000e+04   5.9210169e+00
   3.5900000e+04   5.8046635e+00
   3.6000000e+04   5.8046635e+00
   3.6100000e+04   5.8046635e+00
   3.6200000e+04   5.8046635e+00
   3.6300000e+04   5.7454179e+00
   3.6400000e+04   5.6938656e+00
   3.6500000e+04   5.5823580e+00
   3.6600000e+04   5.5823580e+00
   3.6700000e+04   5.5823580e+00
   3.6800000e+04   5.5823580e+00
   3.6900000e+04   5.5369428e+00
   3.7000000e+04   5.5053859e+00
   3.7100000e+04   5.3260121e+00
   3.7200000e+04   5.3260121e+00
   3.7300000e+04   5.3260121e+00
   3.7400000e+04   4.8870447e+00
   3.7500000e+04   4.8870447e+00
   3.7600000e+04   4.8870447e+00
   3.7700000e+04   4.8870447e+00
   3.7800000e+04   4.8728286e+00
   3.7900000e+04   4.8680961e+00
   3.8000000e+04   4.8576324e+00
   3.8100000e+04   4.6181656e+00
   3.8200000e+04   4.6181656e+00
   3.8300000e+04   4.6181656e+00
   3.8400000e+04   4.6181656e+00
   3.8500000e+04   4.5978236e+00
   3.8600000e+04   4.5978236e+00
   3.8700000e+04   4.5978236e+00
   3.8800000e+04   4.5739956e+00
   3.8900000e+04   3.9930217e+00
   3.9000000e+04   3.9930217e+00
   3.9100000e+04   3.9077089e+00
   3.9200000e+04   3.9077089e+00
   3.9300000e+04   3.9077089e+00
   3.9400000e+04   3.7821503e+00
   3.9500000e+04   3.7821503e+00
   3.9600000e+04   3.7420014e+00
   3.9700000e+04   3.5096437e+00
   3.9800000e+04   3.4664435e+00
   3.9900000e+04   3.3565721e+00
   4.0000000e+04   3.3565721e+00
   4.0100000e+04   3.2449431e+00
   4.0200000e+04   2.6251881e+00
   4.0300000e+04   2.6251881e+00
   4.0400000e+04   2.6251881e+00
   4.0500000e+04   2.6251881e+00
   4.0600000e+04   2.6251881e+00
   4.0700000e+04   2.6251881e+00
   4.0800000e+04   2.5488416e+00
   4.0900000e+04   2.5488416e+00
   4.1000000e+04   2.5488416e+00
   4.1100000e+04   2.5488416e+00
   4.1200000e+04   2.5488416e+00
   4.1300000e+04   2.5488416e+00
   4.1400000e+04   2.5488416e+00
   4.1500000e+04   2.5488416e+00
   4.1600000e+04   2.5488416e+00
   4.1700000e+04   2.5085478e+00
   4.1800000e+04   2.5085478e+00
   4.1900000e+04   2.5085478e+00
   4.2000000e+04   2.4742425e+00
   4.2100000e+04   2.4742425e+00
   4.2200000e+04   2.4742425e+00
   4.2300000e+04   2.4742425e+00
   4.2400000e+04   2.4742425e+00
   4.2500000e+04   2.4723230e+00
   4.2600000e+04   2.4549325e+00
   4.2700000e+04   2.4469397e+00
   4.2800000e+04   2.4241822e+00
   4.2900000e+04   2.3855743e+00
   4.3000000e+04   2.3855743e+00
   4.3100000e+04   2.2640995e+00
   4.3200000e+04   2.2640995e+00
   4.3300000e+04   2.2640995e+00
   4.3400000e+04   2.2640995e+00
   4.3500000e+04   2.2232328e+00
   4.3600000e+04   2.2232328e+00
   4.3700000e+04   2.2232328e+00
   4.3800000e+04   2.2232328e+00
   4.3900000e+04   2.2232328e+00
   4.4000000e+04   2.2232328e+00
   4.4100000e+04   2.2232328e+00
   4.4200000e+04   2.2232328e+00
   4.4300000e+04   2.2232328e+00
   4.4400000e+04   2.1503346e+00
   4.4500000e+04   2.1143728e+00
   4.4600000e+04   2.1143728e+00
   4.4700000e+04   2.1143728e+00
   4.4800000e+04   2.1143728e+00
   4.4900000e+04   2.1143728e+00
   4.5000000e+04   2.0467332e+00
   4.5100000e+04   2.0467332e+00
   4.5200000e+04   2.0467332e+00
   4.5300000e+04   2.0467332e+00
   4.5400000e+04   2.0467332e+00
   4.5500000e+04   2.0467332e+00
   4.5600000e+04   1.8960258e+00
   4.5700000e+04   1.8470853e+00
   4.5800000e+04   1.7821263e+00
   4.5900000e+04   1.6712881e+00
   4.6000000e+04   1.6346938e+00
   4.6100000e+04   1.6346938e+00
   4.6200000e+04   1.5961232e+00
   4.6300000e+04   1.5448128e+00
   4.6400000e+04   1.4245276e+00
   4.6500000e+04   1.4245276e+00
   4.6600000e+04   1.4245276e+00
   4.6700000e+04   1.3529439e+00
   4.6800000e+04   1.3529439e+00
   4.6900000e+04   1.1966918e+00
   4.7000000e+04   1.1777383e+00
   4.7100000e+04   1.1777383e+00
   4.7200000e+04   1.1693692e+00
   4.7300000e+04   1.1542391e+00
   4.7400000e+04   1.0129957e+00
   4.7500000e+04   1.0129957e+00
   4.7600000e+04   9.8386714e-01
   4.7700000e+04   9.8386714e-01
   4.7800000e+04   9.6448608e-01
   4.7900000e+04   8.9688392e-01
   4.8000000e+04   8.9688392e-01
   4.8100000e+04   8.9688392e-01
   4.8200000e+04   8.9688392e-01
   4.8300000e+04   8.7388368e-01
   4.8400000e+04   8.4456895e-01
   4.8500000e+04   8.4456895e-01
   4.8600000e+04   8.4456895e-01
   4.8700000e+04   8.2036172e-01
   4.8800000e+04   8.2036172e-01
   4.8900000e+04   8.2036172e-01
   4.9000000e+04   8.2036172e-01
   4.9100000e+04   8.2036172e-01
   4.9200000e+04   8.2036172e-01
   4.9300000e+04   8.2036172e-01
   4.9400000e+04   8.2036172e-01
   4.9500000e+04   7.7253078e-01
   4.9600000e+04   7.7253078e-01
   4.9700000e+04   7.3977145e-01
   4.9800000e+04   7.3977145e-01
   4.9900000e+04   7.1650256e-01
   5.0000000e+04   7.0581742e-01
   5.0100000e+04   6.3020256e-01
   5.0200000e+04   6.3020256e-01
   5.0300000e+04   6.3020256e-01
   5.0400000e+04   6.3020256e-01
   5.0500000e+04   6.3020256e-01
   5.0600000e+04   6.2523725e-01
   5.0700000e+04   6.2523725e-01
   5.0800000e+04   5.5085480e-01
   5.0900000e+04   5.5085480e-01
   5.1000000e+04   4.8931022e-01
   5.1100000e+04   4.8931022e-01
   5.1200000e+04   4.8931022e-01
   5.1300000e+04   4.8931022e-01
   5.1400000e+04   4.8931022e-01
   5.1500000e+04   4.8931022e-01
   5.1600000e+04   4.8931022e-01
   5.1700000e+04   4.8931022e-01
   5.1800000e+04   4.8931022e-01
   5.1900000e+04   4.8931022e-01
   5.2000000e+04   4.8931022e-01
   5.2100000e+04   4.8931022e-01
   5.2200000e+04   4.8931022e-01
   5.2300000e+04   4.8931022e-01
   5.2400000e+04   4.8931022e-01
   5.2500000e+04   4.8931022e-01
   5.2600000e+04   4.8931022e-01
   5.2700000e+04   4.8931022e-01
   5.2800000e+04   4.8931022e-01
   5.2900000e+04   4.8667092e-01
   5.3000000e+04   4.5722118e-01
   5.3100000e+04   4.5722118e-01
   5.3200000e+04   4.4981335e-01
   5.3300000e+04   4.0026853e-01
   5.3400000e+04   4.0026853e-01
   5.3500000e+04   4.0026853e-01
   5.3600000e+04   4.0026853e-01
   5.3700000e+04   3.5707169e-01
   5.3800000e+04   3.5707169e-01
   5.3900000e+04   3.4474190e-01
   5.4000000e+04   3.4087423e-01
   5.4100000e+04   3.4046630e-01
   5.4200000e+04   3.4046630e-01
   5.4300000e+04   3.3988124e-01
   5.4400000e+04   3.1405680e-01
   5.4500000e+04   3.1405680e-01
   5.4600000e+04   3.1405680e-01
   5.4700000e+04   3.1405680e-01
   5.4800000e+04   3.1405680e-01
   5.4900000e+04   3.1405680e-01
   5.5000000e+04   3.1405680e-01
   5.5100000e+04   2.9852300e-01
   5.5200000e+04   2.9852300e-01
   5.5300000e+04   2.9852300e-01
   5.5400000e+04   2.9791713e-01
   5.5500000e+04   2.9791713e-01
   5.5600000e+04   2.9791713e-01
   5.5700000e+04   2.9791713e-01
   5.5800000e+04   2.9791713e-01
   5.5900000e+04   2.8932683e-01
   5.6000000e+04   2.8885519e-01
   5.6100000e+04   2.8151621e-01
   5.6200000e+04   2.7676787e-01
   5.6300000e+04   2.7676787e-01
   5.6400000e+04   2.7676787e-01
   5.6500000e+04   2.7124155e-01
   5.6600000e+04   2.6947661e-01
   5.6700000e+04   2.6947661e-01
   5.6800000e+04   2.6947661e-01
   5.6900000e+04   2.6828782e-01
   5.7000000e+04   2.6828782e-01
   5.7100000e+04   2.6828782e-01
   5.7200000e+04   2.6828782e-01
   5.7300000e+04   2.6828782e-01
   5.7400000e+04   2.6828782e-01
   5.7500000e+04   2.6828782e-01
   5.7600000e+04   2.6828782e-01
   5.7700000e+04   2.6828782e-01
   5.7800000e+04   2.6762509e-01
   5.7900000e+04   2.6762509e-01
   5.8000000e+04   2.6693086e-01
   5.8100000e+04   2.6693086e-01
   5.8200000e+04   2.5642704e-01
   5.8300000e+04   2.5122904e-01
   5.8400000e+04   2.4903370e-01
   5.8500000e+04   2.4903370e-01
   5.8600000e+04   2.4903370e-01
   5.8700000e+04   2.4738651e-01
   5.8800000e+04   2.3407680e-01
   5.8900000e+04   2.3407680e-01
   5.9000000e+04   2.3309024e-01
   5.9100000e+04   2.3309024e-01
   5.9200000e+04   2.3243990e-01
   5.9300000e+04   2.2565056e-01
   5.9400000e+04   2.2565056e-01
   5.9500000e+04   2.0954875e-01
   5.9600000e+04   2.0480770e-01
   5.9700000e+04   2.0480770e-01
   5.9800000e+04   2.0480770e-01
   5.9900000e+04   2.0480770e-01
   6.0000000e+04   1.9516051e-01
   6.0100000e+04   1.9389445e-01
   6.0200000e+04   1.8448635e-01
   6.0300000e+04   1.8383876e-01
   6.0400000e+04   1.8383876e-01
   6.0500000e+04   1.8383876e-01
   6.0600000e+04   1.6335177e-01
   6.0700000e+04   1.5821496e-01
   6.0800000e+04   1.5821496e-01
   6.0900000e+04   1.5821496e-01
   6.1000000e+04   1.5821496e-01
   6.1100000e+04   1.5821496e-01
   6.1200000e+04   1.5821496e-01
   6.1300000e+04   1.5817741e-01
   6.1400000e+04   1.5817741e-01
   6.1500000e+04   1.5817741e-01
   6.1600000e+04   1.5569433e-01
   6.1700000e+04   1.5569433e-01
   6.1800000e+04   1.5569433e-01
   6.1900000e+04   1.5021394e-01
   6.2000000e+04   1.5021394e-01
   6.2100000e+04   1.5021394e-01
   6.2200000e+04   1.5021394e-01
   6.2300000e+04   1.5021394e-01
   6.2400000e+04   1.4399485e-01
   6.2500000e+04   1.4399485e-01
   6.2600000e+04   1.4399485e-01
   6.2700000e+04   1.4399485e-01
   6.2800000e+04   1.2367521e-01
   6.2900000e+04   1.2367521e-01
   6.3000000e+04   1.2324948e-01
   6.3100000e+04   1.2281143e-01
   6.3200000e+04   9.2330719e-02
   6.3300000e+04   9.0004384e-02
   6.3400000e+04   8.1984928e-02
   6.3500000e+04   6.5993926e-02
   6.3600000e+04   6.2145889e-02
   6.3700000e+04   6.2145889e-02
   6.3800000e+04   5.9722504e-02
   6.3900000e+04   5.9722504e-02
   6.4000000e+04   5.9722504e-02
   6.4100000e+04   5.9722504e-02
   6.4200000e+04   5.7390286e-02
   6.4300000e+04   5.6882662e-02
   6.4400000e+04   3.9564519e-02
   6.4500000e+04   3.9564519e-02
   6.4600000e+04   3.9564519e-02
   6.4700000e+04   3.9564519e-02
   6.4800000e+04   3.3033049e-02
   6.4900000e+04   3.3033049e-02
   6.5000000e+04   3.3033049e-02
   6.5100000e+04   3.3033049e-02
   6.5200000e+04   3.3033049e-02
   6.5300000e+04   3.2384327e-02
   6.5400000e+04   3.1761626e-02
   6.5500000e+04   2.2737684e-02
   6.5600000e+04   2.2737684e-02
   6.5700000e+04   2.2737684e-02
   6.5800000e+04   2.2737684e-02
   6.5900000e+04   2.2737684e-02
   6.6000000e+04   2.2737684e-02
   6.6100000e+04   1.8771307e-02
   6.6200000e+04   1.8771307e-02
   6.6300000e+04   1.8771307e-02
   6.6400000e+04   1.8771307e-02
   6.6500000e+04   1.8771307e-02
   6.6600000e+04   1.8771307e-02
   6.6700000e+04   1.8771307e-02
   6.6800000e+04   1.8771307e-02
   6.6900000e+04   1.8771307e-02
   6.7000000e+04   1.8771307e-02
   6.7100000e+04   1.8771307e-02
   6.7200000e+04   1.8771307e-02
   6.7300000e+04   1.8771307e-02
   6.7400000e+04   1.8771307e-02
   6.7500000e+04   1.8771307e-02
   6.7600000e+04   1.8771307e-02
   6.7700000e+04   1.8771307e-02
   6.7800000e+04   1.8771307e-02
   6.7900000e+04   1.8771307e-02
   6.8000000e+04   1.8771307e-02
   6.8100000e+04   1.8771307e-02
   6.8200000e+04   1.8771307e-02
   6.8300000e+04   1.7840859e-02
   6.8400000e+04   1.7840859e-02
   6.8500000e+04   1.7840859e-02
   6.8600000e+04   1.7840859e-02
   6.8700000e+04   1.7840859e-02
   6.8800000e+04   1.7840859e-02
   6.8900000e+04   1.7840859e-02
   6.9000000e+04   1.7840859e-02
   6.9100000e+04   1.7840859e-02
   6.9200000e+04   1.7840859e-02
   6.9300000e+04   1.7840859e-02
   6.9400000e+04   1.7840859e-02
   6.9500000e+04   1.7840859e-02
   6.9600000e+04   1.7840859e-02
   6.9700000e+04   1.7840859e-02
   6.9800000e+04   1.7840859e-02
   6.9900000e+04   1.7840859e-02
   7.0000000e+04   1.7840859e-02
   7.0100000e+04   1.7272148e-02
   7.0200000e+04   1.7272148e-02
   7.0300000e+04   1.7272148e-02
   7.0400000e+04   1.7127960e-02
   7.0500000e+04   1.7127960e-02
   7.0600000e+04   1.7127960e-02
   7.0700000e+04   1.7127960e-02
   7.0800000e+04   1.7127960e-02
   7.0900000e+04   1.7127960e-02
   7.1000000e+04   1.7127960e-02
   7.1100000e+04   1.4745611e-02
   7.1200000e+04   1.4745611e-02
   7.1300000e+04   1.4745611e-02
   7.1400000e+04   1.4745611e-02
   7.1500000e+04   1.4745611e-02
   7.1600000e+04   1.2582838e-02
   7.1700000e+04   1.2582838e-02
   7.1800000e+04   1.2582838e-02
   7.1900000e+04   1.2582838e-02
   7.2000000e+04   1.2582838e-02
   7.2100000e+04   1.2582838e-02
   7.2200000e+04   1.1120386e-02
   7.2300000e+04   1.1120386e-02
   7.2400000e+04   1.1120386e-02
   7.2500000e+04   1.1120386e-02
   7.2600000e+04   1.1120386e-02
   7.2700000e+04   1.1120386e-02
   7.2800000e+04   1.1120386e-02
   7.2900000e+04   1.1120386e-02
   7.3000000e+04   1.1120386e-02
   7.3100000e+04   1.1120386e-02
   7.3200000e+04   1.1120386e-02
   7.3300000e+04   1.1120386e-02
   7.3400000e+04   1.1120386e-02
   7.3500000e+04   1.1120386e-02
   7.3600000e+04   1.1120386e-02
   7.3700000e+04   1.1120386e-02
   7.3800000e+04   1.1120386e-02
   7.3900000e+04   1.1120386e-02
   7.4000000e+04   1.1120386e-02
   7.4100000e+04   1.1120386e-02
   7.4200000e+04   1.1120386e-02
   7.4300000e+04   1.1120386e-02
   7.4400000e+04   1.1120386e-02
   7.4500000e+04   1.1120386e-02
   7.4600000e+04   1.1120386e-02
   7.4700000e+04   1.1120386e-02
   7.4800000e+04   1.1120386e-02
   7.4900000e+04   1.1120386e-02
   7.5000000e+04   1.1120386e-02
   7.5100000e+04   1.1120386e-02
   7.5200000e+04   1.1120386e-02
   7.5300000e+04   1.0046724e-02
   7.5400000e+04   1.0046724e-02
   7.5500000e+04   9.7982618e-03
   7.5600000e+04   9.7982618e-03
   7.5700000e+04   9.7982618e-03
   7.5800000e+04   9.7982618e-03
   7.5900000e+04   9.7982618e-03
   7.6000000e+04   9.7982618e-03
   7.6100000e+04   9.7982618e-03
   7.6200000e+04   9.7982618e-03
   7.6300000e+04   9.7982618e-03
   7.6400000e+04   9.7982618e-03
   7.6500000e+04   9.7982618e-03
   7.6600000e+04   9.7982618e-03
   7.6700000e+04   9.7982618e-03
   7.6800000e+04   9.7982618e-03
   7.6900000e+04   9.7982618e-03
   7.7000000e+04   9.7982618e-03
   7.7100000e+04   9.7982618e-03
   7.7200000e+04   9.7982618e-03
   7.7300000e+04   9.7982618e-03
   7.7400000e+04   9.7982618e-03
   7.7500000e+04   9.7982618e-03
   7.7600000e+04   9.7982618e-03
   7.7700000e+04   9.7982618e-03
   7.7800000e+04   9.7982618e-03
   7.7900000e+04   9.7982618e-03
   7.8000000e+04   9.4220707e-03
   7.8100000e+04   9.4172044e-03
   7.8200000e+04   9.4172044e-03
   7.8300000e+04   9.4172044e-03
   7.8400000e+04   9.4172044e-03
   7.8500000e+04   9.4172044e-03
   7.8600000e+04   9.4172044e-03
   7.8700000e+04   9.4172044e-03
   7.8800000e+04   9.4172044e-03
   7.8900000e+04   9.4172044e-03
   7.9000000e+04   9.4172044e-03
   7.9100000e+04   9.4172044e-03
   7.9200000e+04   9.4172044e-03
   7.9300000e+04   9.4172044e-03
   7.9400000e+04   9.4172044e-03
   7.9500000e+04   9.4172044e-03
   7.9600000e+04   9.4172044e-03
   7.9700000e+04   9.4172044e-03
   7.9800000e+04   9.4172044e-03
   7.9900000e+04   9.4172044e-03
   8.0000000e+04   9.4172044e-03
   8.0100000e+04   9.4172044e-03
   8.0200000e+04   9.4172044e-03
   8.0300000e+04   9.4172044e-03
   8.0400000e+04   9.4172044e-03
   8.0500000e+04   9.4172044e-03
   8.0600000e+04   9.4172044e-03
   8.0700000e+04   9.4172044e-03
   8.0800000e+04   9.4172044e-03
   8.0900000e+04   9.4172044e-03
   8.1000000e+04   9.3938473e-03
   8.1100000e+04   9.3938473e-03
   8.1200000e+04   9.2986156e-03
   8.1300000e+04   9.2986156e-03
   8.1400000e+04   9.2986156e-03
   8.1500000e+04   9.2986156e-03
   8.1600000e+04   9.2986156e-03
   8.1700000e+04   9.2096915e-03
   8.1800000e+04   9.2096915e-03
   8.1900000e+04   9.2096915e-03
   8.2000000e+04   9.2096915e-03
   8.2100000e+04   9.2096915e-03
   8.2200000e+04   9.2096915e-03
   8.2300000e+04   9.2096915e-03
   8.2400000e+04   9.2096915e-03
   8.2500000e+04   9.2096915e-03
   8.2600000e+04   9.2096915e-03
   8.2700000e+04   9.2096915e-03
   8.2800000e+04   9.2096915e-03
   8.2900000e+04   9.2096915e-03
   8.3000000e+04   9.2096915e-03
   8.3100000e+04   9.2096915e-03
   8.3200000e+04   9.2096915e-03
   8.3300000e+04   9.2096915e-03
   8.3400000e+04   9.2096915e-03
   8.3500000e+04   9.2096915e-03
   8.3600000e+04   9.2067067e-03
   8.3700000e+04   9.1122981e-03
   8.3800000e+04   9.1122981e-03
   8.3900000e+04   9.1122981e-03
   8.4000000e+04   9.1122981e-03
   8.4100000e+04   9.1122981e-03
   8.4200000e+04   9.1122981e-03
   8.4300000e+04   9.1122981e-03
   8.4400000e+04   9.1077646e-03
   8.4500000e+04   9.1077646e-03
   8.4600000e+04   9.1077646e-03
   8.4700000e+04   9.1077646e-03
   8.4800000e+04   9.0161671e-03
   8.4900000e+04   9.0161671e-03
   8.5000000e+04   9.0161671e-03
   8.5100000e+04   9.0161671e-03
   8.5200000e+04   9.0161671e-03
   8.5300000e+04   9.0161671e-03
   8.5400000e+04   9.0161671e-03
   8.5500000e+04   9.0161671e-03
   8.5600000e+04   9.0161671e-03
   8.5700000e+04   8.9999756e-03
   8.5800000e+04   8.9999756e-03
   8.5900000e+04   8.9955913e-03
   8.6000000e+04   8.9955913e-03
   8.6100000e+04   8.9955913e-03
   8.6200000e+04   8.9394379e-03
   8.6300000e+04   8.9394379e-03
   8.6400000e+04   8.9307479e-03
   8.6500000e+04   8.9040294e-03
   8.6600000e+04   8.9040294e-03
   8.6700000e+04   8.9040294e-03
   8.6800000e+04   8.8800762e-03
   8.6900000e+04   8.8800762e-03
   8.7000000e+04   8.8558958e-03
   8.7100000e+04   8.8558958e-03
   8.7200000e+04   8.8558958e-03
   8.7300000e+04   8.8558958e-03
   8.7400000e+04   8.8558958e-03
   8.7500000e+04   8.8558958e-03
   8.7600000e+04   8.8558958e-03
   8.7700000e+04   8.8558958e-03
   8.7800000e+04   8.8558958e-03
   8.7900000e+04   8.8558958e-03
   8.8000000e+04   8.8558958e-03
   8.8100000e+04   8.8558958e-03
   8.8200000e+04   8.8558958e-03
   8.8300000e+04   8.8558958e-03
   8.8400000e+04   8.8558958e-03
   8.8500000e+04   8.8558958e-03
   8.8600000e+04   8.8558958e-03
   8.8700000e+04   8.8558958e-03
   8.8800000e+04   8.8558958e-03
   8.8900000e+04   8.8558958e-03
   8.9000000e+04   8.8558958e-03
   8.9100000e+04   8.8558958e-03
   8.9200000e+04   8.8558958e-03
   8.9300000e+04   8.8558958e-03
   8.9400000e+04   8.8558958e-03
   8.9500000e+04   8.8558958e-03
   8.9600000e+04   8.8558958e-03
   8.9700000e+04   8.8558958e-03
   8.9800000e+04   8.8558958e-03
   8.9900000e+04   8.8558958e-03
   9.0000000e+04   8.8558958e-03
   9.0100000e+04   8.8558958e-03
   9.0200000e+04   8.8558958e-03
   9.0300000e+04   8.8558958e-03
   9.0400000e+04   8.8558958e-03
   9.0500000e+04   8.8558958e-03
   9.0600000e+04   8.8558958e-03
   9.0700000e+04   8.8558958e-03
   9.0800000e+04   8.8558958e-03
   9.0900000e+04   8.8558958e-03
   9.1000000e+04   8.8558958e-03
   9.1100000e+04   8.8257099e-03
   9.1200000e+04   8.8257099e-03
   9.1300000e+04   8.8257099e-03
   9.1400000e+04   8.8257099e-03
   9.1500000e+04   8.8160479e-03
   9.1600000e+04   8.8160479e-03
   9.1700000e+04   8.8160479e-03
   9.1800000e+04   8.8160479e-03
   9.1900000e+04   8.8160479e-03
   9.2000000e+04   8.8160479e-03
   9.2100000e+04   8.8160479e-03
   9.2200000e+04   8.8160479e-03
   9.2300000e+04   8.8160479e-03
   9.2400000e+04   8.8160479e-03
   9.2500000e+04   8.8160479e-03
   9.2600000e+04   8.8160479e-03
   9.2700000e+04   8.8160479e-03
   9.2800000e+04   8.8160479e-03
   9.2900000e+04   8.8160479e-03
   9.3000000e+04   8.8160479e-03
   9.3100000e+04   8.8160479e-03
   9.3200000e+04   8.8160479e-03
   9.3300000e+04   8.8160479e-03
   9.3400000e+04   8.8160479e-03
   9.3500000e+04   8.8160479e-03
   9.3600000e+04   8.8159020e-03
   9.3700000e+04   8.8159020e-03
   9.3800000e+04   8.8009427e-03
   9.3900000e+04   8.7755858e-03
   9.4000000e+04   8.7729223e-03
   9.4100000e+04   8.7729223e-03
   9.4200000e+04   8.7729223e-03
   9.4300000e+04   8.7729223e-03
   9.4400000e+04   8.7729223e-03
   9.4500000e+04   8.7729223e-03
   9.4600000e+04   8.7610834e-03
   9.4700000e+04   8.7610834e-03
   9.4800000e+04   8.7610834e-03
   9.4900000e+04   8.7610834e-03
   9.5000000e+04   8.7385021e-03
   9.5100000e+04   8.7072555e-03
   9.5200000e+04   8.7072555e-03
   9.5300000e+04   8.7072555e-03
   9.5400000e+04   8.7072555e-03
   9.5500000e+04   8.7072555e-03
   9.5600000e+04   8.7072555e-03
   9.5700000e+04   8.7009686e-03
   9.5800000e+04   8.6929448e-03
   9.5900000e+04   8.6830641e-03
   9.6000000e+04   8.6811710e-03
   9.6100000e+04   8.6612509e-03
   9.6200000e+04   8.6612509e-03
   9.6300000e+04   8.6612509e-03
   9.6400000e+04   8.6612509e-03
   9.6500000e+04   8.6612509e-03
   9.6600000e+04   8.6612509e-03
   9.6700000e+04   8.6612509e-03
   9.6800000e+04   8.6612509e-03
   9.6900000e+04   8.6543489e-03
   9.7000000e+04   8.6543489e-03
   9.7100000e+04   8.6543489e-03
   9.7200000e+04   8.6543489e-03
   9.7300000e+04   8.6543489e-03
   9.7400000e+04   8.6508985e-03
   9.7500000e+04   8.6508985e-03
   9.7600000e+04   8.6508985e-03
   9.7700000e+04   8.6508985e-03
   9.7800000e+04   8.6508985e-03
   9.7900000e+04   8.6460162e-03
   9.8000000e+04   8.6417298e-03
   9.8100000e+04   8.6417298e-03
   9.8200000e+04   8.6216967e-03
   9.8300000e+04   8.6216967e-03
   9.8400000e+04   8.6185734e-03
   9.8500000e+04   8.5791289e-03
   9.8600000e+04   8.5791289e-03
   9.8700000e+04   8.5791289e-03
   9.8800000e+04   8.5791289e-03
   9.8900000e+04   8.5791289e-03
   9.9000000e+04   8.5791289e-03
   9.9100000e+04   8.5791289e-03
   9.9200000e+04   8.5791289e-03
   9.9300000e+04   8.5791289e-03
   9.9400000e+04   8.5791289e-03
   9.9500000e+04   8.5791289e-03
   9.9600000e+04   8.5791289e-03
   9.9700000e+04   8.5791289e-03
   9.9800000e+04   8.5791289e-03
   9.9900000e+04   8.5791289e-03
   1.0000000e+05   8.5738795e-03
   1.0000000e+05   8.5738795e-03
