   2.0000000e-01   3.0000000e-01   4.0000000e-01   5.0000000e-01   6.0000000e-01   7.0000000e-01   8.0000000e-01
   6.4357912e-11   5.1579375e-07   6.1047551e-05   1.6078878e-03   8.0435045e-04   1.3620353e-03   9.6120911e-02
   1.0000000e+05   1.0000000e+05   1.0000000e+05   1.0000000e+05   1.0000000e+05   1.0000000e+05   1.0000000e+05
   5.0066516e+01   4.3750000e+02   5.0434220e+01   5.0000006e+01   5.0165273e+01   4.3750000e+02   3.6576715e+01
   8.9393879e+00   1.2139214e+01   2.6001754e+00   3.1920094e+00   3.7232529e+00   1.1844829e+01   7.3511341e+00
   1.7296622e+01   6.1993828e+01   1.0000233e+01   8.5405247e+00   1.0402564e+01   6.1952024e+01   8.6105208e+00
   6.4541243e+00   8.9021836e+00   5.1030067e+01   5.5981621e+01   5.6070931e+01   1.8348776e+01   4.1153418e+01
   4.2476258e+00   2.8606927e+00   6.8864174e+00   9.4336849e+00   9.6964230e+00   5.6830743e+00   1.5047996e+01
   3.5668531e+01   1.1740682e+01   1.8900000e+01   3.5826262e+01   1.4016363e+01   3.9667471e+01   3.1093173e+01
   3.7864445e+01   6.5509780e+00   3.9018722e+01   5.5882840e+01   5.2085953e+01   4.4778856e+01   2.9025764e+01
   9.9212967e+00   4.4488863e+01  -2.6967708e+01   3.6440393e+01  -6.4623214e+00   5.5320524e+01   2.1266427e+01
  -1.5369493e+01   2.2230223e-01  -3.8300892e+01   3.7451010e+01   1.8085016e+01  -2.8564338e+01   1.4791038e+01
   5.9567323e+00  -2.1646551e+01   5.9954628e+01   5.9723028e+01   2.9499181e+01  -3.6553837e+01   2.7663117e+01
   3.5394743e+01   4.2217157e+01   2.9515482e+01   1.2565643e+00   1.8127199e+01   4.6725579e+01   1.0912645e+01
   5.1076140e+00   5.5287003e+00   4.7444793e+00   4.6935395e-01   5.8158679e+00   4.8696016e+00   7.2840409e-01
   1.1884995e+00   5.7769303e-01   1.1520398e+00   5.9113712e+00   5.3040854e-01   2.4428198e+00   5.2620230e+00
   2.1856960e+00   1.6993210e+00   1.3554695e+00   6.2325035e+00   7.6186100e-01   2.8744732e+00   5.6355356e+00
   3.1641709e+00   2.3996359e+00   1.5558961e+00   2.1627644e-01   9.9432944e-01   3.2726054e+00   5.8961624e+00
   4.3312615e+00   3.0224295e+00   1.7581877e+00   4.7503981e-01   1.2500046e+00   3.6606524e+00   6.1145361e+00
   5.3068791e+00   3.6030628e+00   1.9667331e+00   7.5842180e-01   1.5646305e+00   4.0576648e+00   5.8349954e-02
   1.5794961e-02   4.2512877e+00   2.1859919e+00   1.1354329e+00   2.1441667e+00   4.4895809e+00   3.2377987e-01
