   5.0854735e+01   1.0000000e+05   1.1942410e+01   2.7331222e+01   1.9943208e+01   1.9995305e+01   0.0000000e+00   0.0000000e+00   0.0000000e+00   0.0000000e+00
   1.3750275e+02   1.0000000e+05   1.1844665e+01   8.6757394e+00   2.0053570e+01   2.4990676e+01   0.0000000e+00   0.0000000e+00   0.0000000e+00   0.0000000e+00
   1.0927011e-01   1.0000000e+05   1.1177350e+01   5.8269099e+01   2.0006578e+01   2.9989382e+01   0.0000000e+00   0.0000000e+00   0.0000000e+00   0.0000000e+00
   1.4206630e+01   1.0000000e+05   1.1452903e+01   5.9944509e+01   1.9966714e+01   3.5008547e+01   0.0000000e+00   0.0000000e+00   0.0000000e+00   0.0000000e+00
   1.8831349e+00   1.0000000e+05   1.1772357e+01  -4.0255966e+00   1.9977559e+01   4.0018636e+01   0.0000000e+00   0.0000000e+00   0.0000000e+00   0.0000000e+00
   4.3750007e+02   1.0000000e+05   1.1709049e+01   4.7381727e+01   2.0013054e+01   4.4996598e+01   0.0000000e+00   0.0000000e+00   0.0000000e+00   0.0000000e+00
   3.5116251e+00   1.0000000e+05   1.1441060e+01   5.8857114e+01   0.0000000e+00   0.0000000e+00   0.0000000e+00   0.0000000e+00   0.0000000e+00   0.0000000e+00
   2.0580206e-01   1.0000000e+05   1.1976945e+01   3.2753109e+01   0.0000000e+00   0.0000000e+00   0.0000000e+00   0.0000000e+00   0.0000000e+00   0.0000000e+00
   1.3122620e+01   1.0000000e+05   1.1350632e+01   6.2808569e+00   0.0000000e+00   0.0000000e+00   0.0000000e+00   0.0000000e+00   0.0000000e+00   0.0000000e+00
   5.2054105e+01   1.0000000e+05   1.1621862e+01   5.8298591e+00   0.0000000e+00   0.0000000e+00   0.0000000e+00   0.0000000e+00   0.0000000e+00   0.0000000e+00
   1.2913870e+01   1.0000000e+05   1.1452470e+01   6.0387213e+00   0.0000000e+00   0.0000000e+00   0.0000000e+00   0.0000000e+00   0.0000000e+00   0.0000000e+00
   1.1471683e-01   1.0000000e+05   1.1301589e+01   6.2139789e+00   0.0000000e+00   0.0000000e+00   0.0000000e+00   0.0000000e+00   0.0000000e+00   0.0000000e+00
   7.7601015e-01   1.0000000e+05   1.1192803e+01   9.3753022e-02   0.0000000e+00   0.0000000e+00   0.0000000e+00   0.0000000e+00   0.0000000e+00   0.0000000e+00
   5.0528410e+01   1.0000000e+05   1.1365755e+01   2.5542666e-01   0.0000000e+00   0.0000000e+00   0.0000000e+00   0.0000000e+00   0.0000000e+00   0.0000000e+00
   2.5327235e+01   1.0000000e+05   1.1695866e+01   4.2572824e-01   0.0000000e+00   0.0000000e+00   0.0000000e+00   0.0000000e+00   0.0000000e+00   0.0000000e+00
   2.0283200e+00   1.0000000e+05   1.1453115e+01   0.0000000e+00   0.0000000e+00   0.0000000e+00   0.0000000e+00   0.0000000e+00   0.0000000e+00   0.0000000e+00
   1.2594436e+01   1.0000000e+05   1.1474939e+01   0.0000000e+00   0.0000000e+00   0.0000000e+00   0.0000000e+00   0.0000000e+00   0.0000000e+00   0.0000000e+00
   2.8680057e+00   1.0000000e+05   1.1402367e+01   0.0000000e+00   0.0000000e+00   0.0000000e+00   0.0000000e+00   0.0000000e+00   0.0000000e+00   0.0000000e+00
   6.9981287e+01   1.0000000e+05   1.1701239e+01   0.0000000e+00   0.0000000e+00   0.0000000e+00   0.0000000e+00   0.0000000e+00   0.0000000e+00   0.0000000e+00
   6.8591394e+00   1.0000000e+05   1.1279391e+01   0.0000000e+00   0.0000000e+00   0.0000000e+00   0.0000000e+00   0.0000000e+00   0.0000000e+00   0.0000000e+00
   1.3673463e+01   1.0000000e+05   1.1608141e+01   0.0000000e+00   0.0000000e+00   0.0000000e+00   0.0000000e+00   0.0000000e+00   0.0000000e+00   0.0000000e+00
   8.5558447e-01   1.0000000e+05   1.1329943e+01   0.0000000e+00   0.0000000e+00   0.0000000e+00   0.0000000e+00   0.0000000e+00   0.0000000e+00   0.0000000e+00
   2.4896931e+00   1.0000000e+05   1.1394687e+01   0.0000000e+00   0.0000000e+00   0.0000000e+00   0.0000000e+00   0.0000000e+00   0.0000000e+00   0.0000000e+00
   2.3699246e+00   1.0000000e+05   1.1369041e+01   0.0000000e+00   0.0000000e+00   0.0000000e+00   0.0000000e+00   0.0000000e+00   0.0000000e+00   0.0000000e+00
   2.2131335e+00   1.0000000e+05   1.1454732e+01   0.0000000e+00   0.0000000e+00   0.0000000e+00   0.0000000e+00   0.0000000e+00   0.0000000e+00   0.0000000e+00
   4.0092280e+01   1.0000000e+05   1.1449471e+01   0.0000000e+00   0.0000000e+00   0.0000000e+00   0.0000000e+00   0.0000000e+00   0.0000000e+00   0.0000000e+00
   2.8541606e-02   1.0000000e+05   1.1334701e+01   0.0000000e+00   0.0000000e+00   0.0000000e+00   0.0000000e+00   0.0000000e+00   0.0000000e+00   0.0000000e+00
   1.2729052e+01   1.0000000e+05   1.1338111e+01   0.0000000e+00   0.0000000e+00   0.0000000e+00   0.0000000e+00   0.0000000e+00   0.0000000e+00   0.0000000e+00
   1.2603103e+01   1.0000000e+05   1.1675879e+01   0.0000000e+00   0.0000000e+00   0.0000000e+00   0.0000000e+00   0.0000000e+00   0.0000000e+00   0.0000000e+00
   1.2274454e+01   1.0000000e+05   1.1646261e+01   0.0000000e+00   0.0000000e+00   0.0000000e+00   0.0000000e+00   0.0000000e+00   0.0000000e+00   0.0000000e+00
   1.2540313e+01   1.0000000e+05   1.1911622e+01   0.0000000e+00   0.0000000e+00   0.0000000e+00   0.0000000e+00   0.0000000e+00   0.0000000e+00   0.0000000e+00
   3.2677527e-01   1.0000000e+05   1.1905846e+01   0.0000000e+00   0.0000000e+00   0.0000000e+00   0.0000000e+00   0.0000000e+00   0.0000000e+00   0.0000000e+00
   1.4534398e+00   1.0000000e+05   1.1933675e+01   0.0000000e+00   0.0000000e+00   0.0000000e+00   0.0000000e+00   0.0000000e+00   0.0000000e+00   0.0000000e+00
   9.9169547e+01   1.0000000e+05   1.2541835e+01   0.0000000e+00   0.0000000e+00   0.0000000e+00   0.0000000e+00   0.0000000e+00   0.0000000e+00   0.0000000e+00
   8.3410022e+00   1.0000000e+05   1.2069813e+01   0.0000000e+00   0.0000000e+00   0.0000000e+00   0.0000000e+00   0.0000000e+00   0.0000000e+00   0.0000000e+00
   1.3644159e+02   1.0000000e+05   1.1869043e+01   0.0000000e+00   0.0000000e+00   0.0000000e+00   0.0000000e+00   0.0000000e+00   0.0000000e+00   0.0000000e+00
   4.3238119e-01   1.0000000e+05   1.1997961e+01   0.0000000e+00   0.0000000e+00   0.0000000e+00   0.0000000e+00   0.0000000e+00   0.0000000e+00   0.0000000e+00
   3.0009045e+00   1.0000000e+05   1.2283195e+01   0.0000000e+00   0.0000000e+00   0.0000000e+00   0.0000000e+00   0.0000000e+00   0.0000000e+00   0.0000000e+00
   1.5082433e+01   1.0000000e+05   1.1967977e+01   0.0000000e+00   0.0000000e+00   0.0000000e+00   0.0000000e+00   0.0000000e+00   0.0000000e+00   0.0000000e+00
   3.2918105e-01   1.0000000e+05   1.2322483e+01   0.0000000e+00   0.0000000e+00   0.0000000e+00   0.0000000e+00   0.0000000e+00   0.0000000e+00   0.0000000e+00
   1.4200047e-02   1.0000000e+05   1.2543366e+01   0.0000000e+00   0.0000000e+00   0.0000000e+00   0.0000000e+00   0.0000000e+00   0.0000000e+00   0.0000000e+00
   1.3750222e+02   1.0000000e+05   1.1787514e+01   0.0000000e+00   0.0000000e+00   0.0000000e+00   0.0000000e+00   0.0000000e+00   0.0000000e+00   0.0000000e+00
   1.3073474e+01   1.0000000e+05   1.1521465e+01   0.0000000e+00   0.0000000e+00   0.0000000e+00   0.0000000e+00   0.0000000e+00   0.0000000e+00   0.0000000e+00
   8.5738795e-03   1.0000000e+05   1.1649704e+01   0.0000000e+00   0.0000000e+00   0.0000000e+00   0.0000000e+00   0.0000000e+00   0.0000000e+00   0.0000000e+00
   1.2551282e+01   1.0000000e+05   1.1901347e+01   0.0000000e+00   0.0000000e+00   0.0000000e+00   0.0000000e+00   0.0000000e+00   0.0000000e+00   0.0000000e+00
   5.0306831e+01   1.0000000e+05   1.1695112e+01   0.0000000e+00   0.0000000e+00   0.0000000e+00   0.0000000e+00   0.0000000e+00   0.0000000e+00   0.0000000e+00
   5.9996422e+00   1.0000000e+05   1.1533795e+01   0.0000000e+00   0.0000000e+00   0.0000000e+00   0.0000000e+00   0.0000000e+00   0.0000000e+00   0.0000000e+00
   2.5234049e+01   1.0000000e+05   1.2035300e+01   0.0000000e+00   0.0000000e+00   0.0000000e+00   0.0000000e+00   0.0000000e+00   0.0000000e+00   0.0000000e+00
   1.5951440e+00   1.0000000e+05   1.2308816e+01   0.0000000e+00   0.0000000e+00   0.0000000e+00   0.0000000e+00   0.0000000e+00   0.0000000e+00   0.0000000e+00
   1.2805747e+01   1.0000000e+05   1.1961956e+01   0.0000000e+00   0.0000000e+00   0.0000000e+00   0.0000000e+00   0.0000000e+00   0.0000000e+00   0.0000000e+00
   8.5738795e-03   0.0000000e+00   0.0000000e+00   0.0000000e+00   0.0000000e+00   0.0000000e+00   0.0000000e+00   0.0000000e+00   0.0000000e+00   0.0000000e+00
   1.0000000e+05   0.0000000e+00   0.0000000e+00   0.0000000e+00   0.0000000e+00   0.0000000e+00   0.0000000e+00   0.0000000e+00   0.0000000e+00   0.0000000e+00
   4.3750007e+02   0.0000000e+00   0.0000000e+00   0.0000000e+00   0.0000000e+00   0.0000000e+00   0.0000000e+00   0.0000000e+00   0.0000000e+00   0.0000000e+00
   3.0609603e+01   0.0000000e+00   0.0000000e+00   0.0000000e+00   0.0000000e+00   0.0000000e+00   0.0000000e+00   0.0000000e+00   0.0000000e+00   0.0000000e+00
   6.8725203e+01   0.0000000e+00   0.0000000e+00   0.0000000e+00   0.0000000e+00   0.0000000e+00   0.0000000e+00   0.0000000e+00   0.0000000e+00   0.0000000e+00
