   8.3931197e-01   1.0000000e+05   1.1829718e+01   5.3934504e+01   2.0002542e+01   1.9991489e+01   0.0000000e+00   0.0000000e+00   0.0000000e+00   0.0000000e+00
   1.9589160e-02   1.0000000e+05   1.1363663e+01   1.1728058e+01   1.9979701e+01   2.4999160e+01   0.0000000e+00   0.0000000e+00   0.0000000e+00   0.0000000e+00
   7.1003776e-03   1.0000000e+05   1.1474654e+01   2.4300514e+01   2.0015704e+01   2.9992377e+01   0.0000000e+00   0.0000000e+00   0.0000000e+00   0.0000000e+00
   4.9987833e-03   1.0000000e+05   1.1253441e+01   5.9702385e+01   2.0000613e+01   3.5002466e+01   0.0000000e+00   0.0000000e+00   0.0000000e+00   0.0000000e+00
   1.7533364e-02   1.0000000e+05   1.1224240e+01   2.9163714e+01   1.9998884e+01   3.9998791e+01   0.0000000e+00   0.0000000e+00   0.0000000e+00   0.0000000e+00
   3.3621325e-02   1.0000000e+05   1.1292215e+01   5.5646190e+00   2.0006667e+01   4.4994542e+01   0.0000000e+00   0.0000000e+00   0.0000000e+00   0.0000000e+00
   4.9953766e-02   1.0000000e+05   1.1273087e+01   3.0881340e+00   0.0000000e+00   0.0000000e+00   0.0000000e+00   0.0000000e+00   0.0000000e+00   0.0000000e+00
   2.9032563e+00   1.0000000e+05   1.1471164e+01   5.7393895e+01   0.0000000e+00   0.0000000e+00   0.0000000e+00   0.0000000e+00   0.0000000e+00   0.0000000e+00
   1.3522592e+01   1.0000000e+05   1.1447297e+01   3.6035255e+00   0.0000000e+00   0.0000000e+00   0.0000000e+00   0.0000000e+00   0.0000000e+00   0.0000000e+00
   1.2805382e+01   1.0000000e+05   1.1057431e+01   1.7465595e+00   0.0000000e+00   0.0000000e+00   0.0000000e+00   0.0000000e+00   0.0000000e+00   0.0000000e+00
   7.4649394e-03   1.0000000e+05   1.0983431e+01   2.3996057e+00   0.0000000e+00   0.0000000e+00   0.0000000e+00   0.0000000e+00   0.0000000e+00   0.0000000e+00
   6.2943687e-01   1.0000000e+05   1.0984582e+01   2.8341195e+00   0.0000000e+00   0.0000000e+00   0.0000000e+00   0.0000000e+00   0.0000000e+00   0.0000000e+00
   7.9117159e-03   1.0000000e+05   1.1001490e+01   3.2604616e+00   0.0000000e+00   0.0000000e+00   0.0000000e+00   0.0000000e+00   0.0000000e+00   0.0000000e+00
   1.8467481e-02   1.0000000e+05   1.1022844e+01   3.7274966e+00   0.0000000e+00   0.0000000e+00   0.0000000e+00   0.0000000e+00   0.0000000e+00   0.0000000e+00
   9.3185821e-03   1.0000000e+05   1.1085445e+01   4.2839300e+00   0.0000000e+00   0.0000000e+00   0.0000000e+00   0.0000000e+00   0.0000000e+00   0.0000000e+00
   1.3323695e-02   1.0000000e+05   1.1057266e+01   0.0000000e+00   0.0000000e+00   0.0000000e+00   0.0000000e+00   0.0000000e+00   0.0000000e+00   0.0000000e+00
   2.0894190e-02   1.0000000e+05   1.1135073e+01   0.0000000e+00   0.0000000e+00   0.0000000e+00   0.0000000e+00   0.0000000e+00   0.0000000e+00   0.0000000e+00
   3.0947266e-02   1.0000000e+05   1.1136086e+01   0.0000000e+00   0.0000000e+00   0.0000000e+00   0.0000000e+00   0.0000000e+00   0.0000000e+00   0.0000000e+00
   5.6994142e-02   1.0000000e+05   1.1118951e+01   0.0000000e+00   0.0000000e+00   0.0000000e+00   0.0000000e+00   0.0000000e+00   0.0000000e+00   0.0000000e+00
   8.7979826e-04   1.0000000e+05   1.1144618e+01   0.0000000e+00   0.0000000e+00   0.0000000e+00   0.0000000e+00   0.0000000e+00   0.0000000e+00   0.0000000e+00
   1.5094284e-02   1.0000000e+05   1.1842435e+01   0.0000000e+00   0.0000000e+00   0.0000000e+00   0.0000000e+00   0.0000000e+00   0.0000000e+00   0.0000000e+00
   8.6009863e-01   1.0000000e+05   1.1595766e+01   0.0000000e+00   0.0000000e+00   0.0000000e+00   0.0000000e+00   0.0000000e+00   0.0000000e+00   0.0000000e+00
   3.7447806e-02   1.0000000e+05   1.1592428e+01   0.0000000e+00   0.0000000e+00   0.0000000e+00   0.0000000e+00   0.0000000e+00   0.0000000e+00   0.0000000e+00
   6.2398619e-02   1.0000000e+05   1.1623158e+01   0.0000000e+00   0.0000000e+00   0.0000000e+00   0.0000000e+00   0.0000000e+00   0.0000000e+00   0.0000000e+00
   1.1501093e-02   1.0000000e+05   1.1555476e+01   0.0000000e+00   0.0000000e+00   0.0000000e+00   0.0000000e+00   0.0000000e+00   0.0000000e+00   0.0000000e+00
   1.1251852e-01   1.0000000e+05   1.1456289e+01   0.0000000e+00   0.0000000e+00   0.0000000e+00   0.0000000e+00   0.0000000e+00   0.0000000e+00   0.0000000e+00
   5.3696959e-03   1.0000000e+05   1.1524146e+01   0.0000000e+00   0.0000000e+00   0.0000000e+00   0.0000000e+00   0.0000000e+00   0.0000000e+00   0.0000000e+00
   9.3386169e-03   1.0000000e+05   1.1437935e+01   0.0000000e+00   0.0000000e+00   0.0000000e+00   0.0000000e+00   0.0000000e+00   0.0000000e+00   0.0000000e+00
   9.7256994e-02   1.0000000e+05   1.1528446e+01   0.0000000e+00   0.0000000e+00   0.0000000e+00   0.0000000e+00   0.0000000e+00   0.0000000e+00   0.0000000e+00
   3.7695610e-02   1.0000000e+05   1.1510020e+01   0.0000000e+00   0.0000000e+00   0.0000000e+00   0.0000000e+00   0.0000000e+00   0.0000000e+00   0.0000000e+00
   1.0193332e-02   1.0000000e+05   1.1501121e+01   0.0000000e+00   0.0000000e+00   0.0000000e+00   0.0000000e+00   0.0000000e+00   0.0000000e+00   0.0000000e+00
   1.1668759e-02   1.0000000e+05   1.1482289e+01   0.0000000e+00   0.0000000e+00   0.0000000e+00   0.0000000e+00   0.0000000e+00   0.0000000e+00   0.0000000e+00
   2.1864094e-02   1.0000000e+05   1.1456959e+01   0.0000000e+00   0.0000000e+00   0.0000000e+00   0.0000000e+00   0.0000000e+00   0.0000000e+00   0.0000000e+00
   3.7852336e-02   1.0000000e+05   1.1612750e+01   0.0000000e+00   0.0000000e+00   0.0000000e+00   0.0000000e+00   0.0000000e+00   0.0000000e+00   0.0000000e+00
   3.7767744e-02   1.0000000e+05   1.1601857e+01   0.0000000e+00   0.0000000e+00   0.0000000e+00   0.0000000e+00   0.0000000e+00   0.0000000e+00   0.0000000e+00
   1.8259299e-01   1.0000000e+05   1.1530996e+01   0.0000000e+00   0.0000000e+00   0.0000000e+00   0.0000000e+00   0.0000000e+00   0.0000000e+00   0.0000000e+00
   4.5158508e-01   1.0000000e+05   1.1624426e+01   0.0000000e+00   0.0000000e+00   0.0000000e+00   0.0000000e+00   0.0000000e+00   0.0000000e+00   0.0000000e+00
   1.1619905e-02   1.0000000e+05   1.1686248e+01   0.0000000e+00   0.0000000e+00   0.0000000e+00   0.0000000e+00   0.0000000e+00   0.0000000e+00   0.0000000e+00
   4.6372861e-03   1.0000000e+05   1.1678555e+01   0.0000000e+00   0.0000000e+00   0.0000000e+00   0.0000000e+00   0.0000000e+00   0.0000000e+00   0.0000000e+00
   8.9723190e-02   1.0000000e+05   1.3002355e+01   0.0000000e+00   0.0000000e+00   0.0000000e+00   0.0000000e+00   0.0000000e+00   0.0000000e+00   0.0000000e+00
   2.9727346e-02   1.0000000e+05   1.3229993e+01   0.0000000e+00   0.0000000e+00   0.0000000e+00   0.0000000e+00   0.0000000e+00   0.0000000e+00   0.0000000e+00
   4.7853004e-03   1.0000000e+05   1.3442114e+01   0.0000000e+00   0.0000000e+00   0.0000000e+00   0.0000000e+00   0.0000000e+00   0.0000000e+00   0.0000000e+00
   1.2906594e-02   1.0000000e+05   1.3283955e+01   0.0000000e+00   0.0000000e+00   0.0000000e+00   0.0000000e+00   0.0000000e+00   0.0000000e+00   0.0000000e+00
   2.6091371e-03   1.0000000e+05   1.3375001e+01   0.0000000e+00   0.0000000e+00   0.0000000e+00   0.0000000e+00   0.0000000e+00   0.0000000e+00   0.0000000e+00
   5.4243463e-01   1.0000000e+05   1.2441020e+01   0.0000000e+00   0.0000000e+00   0.0000000e+00   0.0000000e+00   0.0000000e+00   0.0000000e+00   0.0000000e+00
   1.2470097e-01   1.0000000e+05   1.2888592e+01   0.0000000e+00   0.0000000e+00   0.0000000e+00   0.0000000e+00   0.0000000e+00   0.0000000e+00   0.0000000e+00
   1.3635852e-02   1.0000000e+05   1.2327784e+01   0.0000000e+00   0.0000000e+00   0.0000000e+00   0.0000000e+00   0.0000000e+00   0.0000000e+00   0.0000000e+00
   3.2750381e-02   1.0000000e+05   1.3207254e+01   0.0000000e+00   0.0000000e+00   0.0000000e+00   0.0000000e+00   0.0000000e+00   0.0000000e+00   0.0000000e+00
   1.5902712e+00   1.0000000e+05   1.3116346e+01   0.0000000e+00   0.0000000e+00   0.0000000e+00   0.0000000e+00   0.0000000e+00   0.0000000e+00   0.0000000e+00
   1.3817702e-01   1.0000000e+05   1.3152454e+01   0.0000000e+00   0.0000000e+00   0.0000000e+00   0.0000000e+00   0.0000000e+00   0.0000000e+00   0.0000000e+00
   8.7979826e-04   0.0000000e+00   0.0000000e+00   0.0000000e+00   0.0000000e+00   0.0000000e+00   0.0000000e+00   0.0000000e+00   0.0000000e+00   0.0000000e+00
   1.0000000e+05   0.0000000e+00   0.0000000e+00   0.0000000e+00   0.0000000e+00   0.0000000e+00   0.0000000e+00   0.0000000e+00   0.0000000e+00   0.0000000e+00
   1.3522592e+01   0.0000000e+00   0.0000000e+00   0.0000000e+00   0.0000000e+00   0.0000000e+00   0.0000000e+00   0.0000000e+00   0.0000000e+00   0.0000000e+00
   7.1198401e-01   0.0000000e+00   0.0000000e+00   0.0000000e+00   0.0000000e+00   0.0000000e+00   0.0000000e+00   0.0000000e+00   0.0000000e+00   0.0000000e+00
   2.6143632e+00   0.0000000e+00   0.0000000e+00   0.0000000e+00   0.0000000e+00   0.0000000e+00   0.0000000e+00   0.0000000e+00   0.0000000e+00   0.0000000e+00
