   5.0000000e+01   1.6177342e+03
   1.0000000e+02   1.6177342e+03
   1.5000000e+02   1.6177342e+03
   2.0000000e+02   1.6177342e+03
   2.5000000e+02   1.6177342e+03
   3.0000000e+02   1.6177342e+03
   3.5000000e+02   1.5760554e+03
   4.0000000e+02   1.4463606e+03
   4.5000000e+02   1.4463606e+03
   5.0000000e+02   1.4463606e+03
   5.5000000e+02   1.4463606e+03
   6.0000000e+02   1.1108976e+03
   6.5000000e+02   9.7116215e+02
   7.0000000e+02   9.7116215e+02
   7.5000000e+02   9.7116215e+02
   8.0000000e+02   7.6255946e+02
   8.5000000e+02   3.6973954e+02
   9.0000000e+02   3.6973954e+02
   9.5000000e+02   2.1750087e+02
   1.0000000e+03   2.1750087e+02
   1.0500000e+03   2.1750087e+02
   1.1000000e+03   2.1750087e+02
   1.1500000e+03   2.1750087e+02
   1.2000000e+03   2.1750087e+02
   1.2500000e+03   2.1653556e+02
   1.3000000e+03   1.7249346e+02
   1.3500000e+03   1.7249346e+02
   1.4000000e+03   1.0061984e+02
   1.4500000e+03   1.0061984e+02
   1.5000000e+03   1.0061984e+02
   1.5500000e+03   1.0061984e+02
   1.6000000e+03   1.0061984e+02
   1.6500000e+03   1.0061984e+02
   1.7000000e+03   4.0866144e+01
   1.7500000e+03   3.2237701e+01
   1.8000000e+03   3.2237701e+01
   1.8500000e+03   1.5002845e+01
   1.9000000e+03   1.5002845e+01
   1.9500000e+03   1.5002845e+01
   2.0000000e+03   1.5002845e+01
   2.0500000e+03   1.5002845e+01
   2.1000000e+03   1.5002845e+01
   2.1500000e+03   1.5002845e+01
   2.2000000e+03   1.5002845e+01
   2.2500000e+03   1.5002845e+01
   2.3000000e+03   4.0008615e+00
   2.3500000e+03   4.0008615e+00
   2.4000000e+03   4.0008615e+00
   2.4500000e+03   4.0008615e+00
   2.5000000e+03   4.0008615e+00
   2.5500000e+03   4.0008615e+00
   2.6000000e+03   4.0008615e+00
   2.6500000e+03   4.0008615e+00
   2.7000000e+03   4.0008615e+00
   2.7500000e+03   3.1232484e+00
   2.8000000e+03   3.1232484e+00
   2.8500000e+03   3.1232484e+00
   2.9000000e+03   1.9405821e+00
   2.9500000e+03   1.9405821e+00
   3.0000000e+03   7.8015503e-01
   3.0500000e+03   7.8015503e-01
   3.1000000e+03   7.8015503e-01
   3.1500000e+03   7.8015503e-01
   3.2000000e+03   7.8015503e-01
   3.2500000e+03   7.8015503e-01
   3.3000000e+03   7.8015503e-01
   3.3500000e+03   7.8015503e-01
   3.4000000e+03   7.8015503e-01
   3.4500000e+03   7.8015503e-01
   3.5000000e+03   7.8015503e-01
   3.5500000e+03   7.8015503e-01
   3.6000000e+03   7.8015503e-01
   3.6500000e+03   7.8015503e-01
   3.7000000e+03   5.3692983e-01
   3.7500000e+03   5.3692983e-01
   3.8000000e+03   5.3692983e-01
   3.8500000e+03   5.3692983e-01
   3.9000000e+03   5.3692983e-01
   3.9500000e+03   5.3692983e-01
   4.0000000e+03   5.3692983e-01
   4.0500000e+03   3.8414360e-01
   4.1000000e+03   3.8414360e-01
   4.1500000e+03   3.8414360e-01
   4.2000000e+03   3.8414360e-01
   4.2500000e+03   3.8414360e-01
   4.3000000e+03   2.7952009e-01
   4.3500000e+03   2.7952009e-01
   4.4000000e+03   2.7952009e-01
   4.4500000e+03   2.7952009e-01
   4.5000000e+03   2.1056483e-01
   4.5500000e+03   2.1056483e-01
   4.6000000e+03   2.1056483e-01
   4.6500000e+03   2.1056483e-01
   4.7000000e+03   1.5655063e-01
   4.7500000e+03   1.5655063e-01
   4.8000000e+03   1.5655063e-01
   4.8500000e+03   1.5655063e-01
   4.9000000e+03   1.1656233e-01
   4.9500000e+03   1.0598671e-01
   5.0000000e+03   1.0598671e-01
   5.0000000e+03   1.0598671e-01
