   5.0000000e+01   3.0453907e+03
   1.0000000e+02   3.0453907e+03
   1.5000000e+02   3.0453907e+03
   2.0000000e+02   3.0453907e+03
   2.5000000e+02   2.5340334e+03
   3.0000000e+02   2.5340334e+03
   3.5000000e+02   2.5340334e+03
   4.0000000e+02   1.5396008e+03
   4.5000000e+02   1.5396008e+03
   5.0000000e+02   1.5396008e+03
   5.5000000e+02   9.4568840e+02
   6.0000000e+02   9.4568840e+02
   6.5000000e+02   9.4568840e+02
   7.0000000e+02   6.7225828e+02
   7.5000000e+02   6.7225828e+02
   8.0000000e+02   5.8681403e+02
   8.5000000e+02   5.8681403e+02
   9.0000000e+02   3.9550627e+02
   9.5000000e+02   3.9550627e+02
   1.0000000e+03   3.9550627e+02
   1.0500000e+03   3.9550627e+02
   1.1000000e+03   3.9550627e+02
   1.1500000e+03   3.9550627e+02
   1.2000000e+03   3.9550627e+02
   1.2500000e+03   3.9550627e+02
   1.3000000e+03   3.9550627e+02
   1.3500000e+03   3.9550627e+02
   1.4000000e+03   3.8581655e+02
   1.4500000e+03   3.8581655e+02
   1.5000000e+03   3.8581655e+02
   1.5500000e+03   3.8581655e+02
   1.6000000e+03   3.8581655e+02
   1.6500000e+03   3.8581655e+02
   1.7000000e+03   3.8581655e+02
   1.7500000e+03   3.8581655e+02
   1.8000000e+03   8.0785362e+01
   1.8500000e+03   8.0785362e+01
   1.9000000e+03   8.0785362e+01
   1.9500000e+03   8.0785362e+01
   2.0000000e+03   8.0785362e+01
   2.0500000e+03   8.0785362e+01
   2.1000000e+03   8.0785362e+01
   2.1500000e+03   8.0785362e+01
   2.2000000e+03   8.0785362e+01
   2.2500000e+03   8.0785362e+01
   2.3000000e+03   8.0785362e+01
   2.3500000e+03   8.0785362e+01
   2.4000000e+03   8.0785362e+01
   2.4500000e+03   8.0785362e+01
   2.5000000e+03   8.0785362e+01
   2.5500000e+03   8.0785362e+01
   2.6000000e+03   8.0785362e+01
   2.6500000e+03   8.0785362e+01
   2.7000000e+03   8.0785362e+01
   2.7500000e+03   8.0785362e+01
   2.8000000e+03   8.0785362e+01
   2.8500000e+03   8.0785362e+01
   2.9000000e+03   8.0785362e+01
   2.9500000e+03   8.0785362e+01
   3.0000000e+03   8.0785362e+01
   3.0500000e+03   8.0785362e+01
   3.1000000e+03   8.0785362e+01
   3.1500000e+03   8.0785362e+01
   3.2000000e+03   8.0785362e+01
   3.2500000e+03   7.1352209e+01
   3.3000000e+03   7.9038922e+00
   3.3500000e+03   7.9038922e+00
   3.4000000e+03   7.9038922e+00
   3.4500000e+03   7.9038922e+00
   3.5000000e+03   7.9038922e+00
   3.5500000e+03   7.9038922e+00
   3.6000000e+03   7.9038922e+00
   3.6500000e+03   7.9038922e+00
   3.7000000e+03   7.9038922e+00
   3.7500000e+03   7.9038922e+00
   3.8000000e+03   7.9038922e+00
   3.8500000e+03   7.9038922e+00
   3.9000000e+03   7.9038922e+00
   3.9500000e+03   7.9038922e+00
   4.0000000e+03   7.9038922e+00
   4.0500000e+03   2.4418695e+00
   4.1000000e+03   2.4418695e+00
   4.1500000e+03   2.4418695e+00
   4.2000000e+03   2.4418695e+00
   4.2500000e+03   2.4418695e+00
   4.3000000e+03   2.4418695e+00
   4.3500000e+03   2.4418695e+00
   4.4000000e+03   2.4418695e+00
   4.4500000e+03   2.4418695e+00
   4.5000000e+03   2.4418695e+00
   4.5500000e+03   2.4418695e+00
   4.6000000e+03   2.4418695e+00
   4.6500000e+03   1.3193569e+00
   4.7000000e+03   1.3193569e+00
   4.7500000e+03   1.3193569e+00
   4.8000000e+03   1.3193569e+00
   4.8500000e+03   1.3193569e+00
   4.9000000e+03   1.3193569e+00
   4.9500000e+03   1.3193569e+00
   5.0000000e+03   1.3193569e+00
   5.0000000e+03   1.3193569e+00
