   5.0000000e+01   5.9224869e+03
   1.0000000e+02   1.9824685e+03
   1.5000000e+02   1.9824685e+03
   2.0000000e+02   1.9824685e+03
   2.5000000e+02   4.4835494e+02
   3.0000000e+02   1.3375358e+01
   3.5000000e+02   1.3375358e+01
   4.0000000e+02   1.3375358e+01
   4.5000000e+02   1.3375358e+01
   5.0000000e+02   1.3375358e+01
   5.5000000e+02   1.3375358e+01
   6.0000000e+02   1.3375358e+01
   6.5000000e+02   1.3375358e+01
   7.0000000e+02   1.3375358e+01
   7.5000000e+02   1.3375358e+01
   8.0000000e+02   1.3375358e+01
   8.5000000e+02   1.3375358e+01
   9.0000000e+02   1.3375358e+01
   9.5000000e+02   1.3375358e+01
   1.0000000e+03   1.3375358e+01
   1.0500000e+03   1.3375358e+01
   1.1000000e+03   1.3375358e+01
   1.1500000e+03   5.9711337e+00
   1.2000000e+03   5.9711337e+00
   1.2500000e+03   5.3825306e+00
   1.3000000e+03   5.3825306e+00
   1.3500000e+03   5.3825306e+00
   1.4000000e+03   5.3825306e+00
   1.4500000e+03   5.3825306e+00
   1.5000000e+03   5.3825306e+00
   1.5500000e+03   5.3825306e+00
   1.6000000e+03   5.3825306e+00
   1.6500000e+03   5.3825306e+00
   1.7000000e+03   8.1538972e-01
   1.7500000e+03   8.1538972e-01
   1.8000000e+03   8.1538972e-01
   1.8500000e+03   8.1538972e-01
   1.9000000e+03   8.1538972e-01
   1.9500000e+03   8.1538972e-01
   2.0000000e+03   8.1538972e-01
   2.0500000e+03   8.1538972e-01
   2.1000000e+03   8.1538972e-01
   2.1500000e+03   8.1538972e-01
   2.2000000e+03   8.1538972e-01
   2.2500000e+03   8.1133100e-01
   2.3000000e+03   8.1133100e-01
   2.3500000e+03   8.1133100e-01
   2.4000000e+03   8.1133100e-01
   2.4500000e+03   8.0802225e-01
   2.5000000e+03   8.0802225e-01
   2.5500000e+03   5.4354393e-01
   2.6000000e+03   5.4354393e-01
   2.6500000e+03   4.7941955e-01
   2.7000000e+03   2.8711104e-01
   2.7500000e+03   2.8296389e-01
   2.8000000e+03   2.7930809e-01
   2.8500000e+03   2.7930809e-01
   2.9000000e+03   2.7930809e-01
   2.9500000e+03   2.7930809e-01
   3.0000000e+03   2.7930809e-01
   3.0500000e+03   1.3613042e-01
   3.1000000e+03   1.3613042e-01
   3.1500000e+03   1.3613042e-01
   3.2000000e+03   1.3613042e-01
   3.2500000e+03   1.3613042e-01
   3.3000000e+03   1.3613042e-01
   3.3500000e+03   1.3613042e-01
   3.4000000e+03   1.3613042e-01
   3.4500000e+03   1.0267188e-01
   3.5000000e+03   1.0267188e-01
   3.5500000e+03   1.0267188e-01
   3.6000000e+03   1.0267188e-01
   3.6500000e+03   1.0267188e-01
   3.7000000e+03   7.7859916e-02
   3.7500000e+03   6.6581730e-02
   3.8000000e+03   5.3489281e-02
   3.8500000e+03   5.3489281e-02
   3.9000000e+03   5.3489281e-02
   3.9500000e+03   5.3489281e-02
   4.0000000e+03   5.3489281e-02
   4.0500000e+03   5.3489281e-02
   4.1000000e+03   4.9709956e-02
   4.1500000e+03   4.9709956e-02
   4.2000000e+03   4.5781856e-02
   4.2500000e+03   4.5781856e-02
   4.3000000e+03   4.1620847e-02
   4.3500000e+03   4.1236877e-02
   4.4000000e+03   4.1236877e-02
   4.4500000e+03   4.1236877e-02
   4.5000000e+03   4.1236877e-02
   4.5500000e+03   4.1236877e-02
   4.6000000e+03   4.1236877e-02
   4.6500000e+03   3.7485659e-02
   4.7000000e+03   3.7485659e-02
   4.7500000e+03   3.4533356e-02
   4.8000000e+03   3.4533356e-02
   4.8500000e+03   3.4533356e-02
   4.9000000e+03   3.4533356e-02
   4.9500000e+03   3.4533356e-02
   5.0000000e+03   3.4016539e-02
