   5.0000000e+01   3.4206034e+03
   1.0000000e+02   3.4206034e+03
   1.5000000e+02   3.4206034e+03
   2.0000000e+02   1.0988543e+03
   2.5000000e+02   1.0371519e+03
   3.0000000e+02   1.0371519e+03
   3.5000000e+02   1.0371519e+03
   4.0000000e+02   8.1288879e+02
   4.5000000e+02   7.0146236e+02
   5.0000000e+02   7.0146236e+02
   5.5000000e+02   5.5595689e+02
   6.0000000e+02   5.5595689e+02
   6.5000000e+02   5.5595689e+02
   7.0000000e+02   3.4943873e+02
   7.5000000e+02   3.4943873e+02
   8.0000000e+02   1.3866442e+02
   8.5000000e+02   8.1728038e+01
   9.0000000e+02   8.1728038e+01
   9.5000000e+02   8.1728038e+01
   1.0000000e+03   8.1728038e+01
   1.0500000e+03   9.5404943e+00
   1.1000000e+03   9.5404943e+00
   1.1500000e+03   9.5404943e+00
   1.2000000e+03   9.5404943e+00
   1.2500000e+03   9.5404943e+00
   1.3000000e+03   9.5404943e+00
   1.3500000e+03   9.5404943e+00
   1.4000000e+03   9.5404943e+00
   1.4500000e+03   9.5404943e+00
   1.5000000e+03   9.5404943e+00
   1.5500000e+03   9.5404943e+00
   1.6000000e+03   7.0442467e+00
   1.6500000e+03   5.9829689e+00
   1.7000000e+03   2.8070968e+00
   1.7500000e+03   2.7846353e+00
   1.8000000e+03   2.7846353e+00
   1.8500000e+03   1.7236613e+00
   1.9000000e+03   1.7236613e+00
   1.9500000e+03   1.2193668e+00
   2.0000000e+03   1.2193668e+00
   2.0500000e+03   1.2193668e+00
   2.1000000e+03   1.2193668e+00
   2.1500000e+03   1.2193668e+00
   2.2000000e+03   1.0442584e+00
   2.2500000e+03   1.0442584e+00
   2.3000000e+03   1.0442584e+00
   2.3500000e+03   1.0442584e+00
   2.4000000e+03   1.0442584e+00
   2.4500000e+03   1.0442584e+00
   2.5000000e+03   1.0442584e+00
   2.5500000e+03   8.2590448e-01
   2.6000000e+03   8.2590448e-01
   2.6500000e+03   7.6599411e-01
   2.7000000e+03   7.6599411e-01
   2.7500000e+03   5.3999632e-01
   2.8000000e+03   5.3999632e-01
   2.8500000e+03   5.3999632e-01
   2.9000000e+03   5.3321013e-01
   2.9500000e+03   4.6054565e-01
   3.0000000e+03   4.4595881e-01
   3.0500000e+03   4.3339514e-01
   3.1000000e+03   3.6995067e-01
   3.1500000e+03   2.8850221e-01
   3.2000000e+03   2.8850221e-01
   3.2500000e+03   2.1507349e-01
   3.3000000e+03   1.6134232e-01
   3.3500000e+03   1.6134232e-01
   3.4000000e+03   1.5705846e-01
   3.4500000e+03   1.4691161e-01
   3.5000000e+03   1.0300735e-01
   3.5500000e+03   1.0300735e-01
   3.6000000e+03   9.6663218e-02
   3.6500000e+03   7.9361351e-02
   3.7000000e+03   7.9361351e-02
   3.7500000e+03   7.9361351e-02
   3.8000000e+03   6.7347487e-02
   3.8500000e+03   6.1464620e-02
   3.9000000e+03   6.1464620e-02
   3.9500000e+03   5.9764000e-02
   4.0000000e+03   5.8652198e-02
   4.0500000e+03   5.8652198e-02
   4.1000000e+03   5.2779052e-02
   4.1500000e+03   4.9108689e-02
   4.2000000e+03   3.8816461e-02
   4.2500000e+03   3.8816461e-02
   4.3000000e+03   3.8816461e-02
   4.3500000e+03   3.5436151e-02
   4.4000000e+03   3.5374515e-02
   4.4500000e+03   3.0664838e-02
   4.5000000e+03   3.0201191e-02
   4.5500000e+03   3.0201191e-02
   4.6000000e+03   3.0201191e-02
   4.6500000e+03   2.6120498e-02
   4.7000000e+03   1.9953468e-02
   4.7500000e+03   1.8063192e-02
   4.8000000e+03   1.7698808e-02
   4.8500000e+03   1.7698808e-02
   4.9000000e+03   1.6720747e-02
   4.9500000e+03   1.6077817e-02
   5.0000000e+03   1.6077817e-02
   5.0000000e+03   1.6077817e-02
