   2.0000000e-01   3.0000000e-01   4.0000000e-01   5.0000000e-01   6.0000000e-01   7.0000000e-01   8.0000000e-01
   9.2011264e-02   1.1107501e-01   2.2507210e-01   2.6200614e-01   5.9122177e-01   8.6741498e-01   8.9831646e+00
   5.0000000e+03   5.0000000e+03   5.0000000e+03   5.0000000e+03   5.0000000e+03   5.0000000e+03   5.0000000e+03
   2.1291048e+00   2.3157972e+00   6.0578934e+00   8.8769180e+00   4.2815951e+01   1.2705053e+02   4.2484377e+02
   5.7753404e-01   9.5668478e-01   1.4647782e+00   2.1982031e+00   8.1703545e+00   1.7856276e+01   8.7143176e+01
   5.1203591e-01   7.6174251e-01   1.3449818e+00   2.0780171e+00   1.1482719e+01   3.0035164e+01   9.6504519e+01
   3.4634450e+01   4.9946185e+01   3.8040278e+01   4.2700784e+01   3.5022533e+01   3.1711576e+01   2.7316750e+01
   3.0648443e-01   4.4651267e-01   3.0613837e-01   3.4204663e-01   2.8893030e-01   4.8609888e-01   2.2226092e-01
   3.6801596e+01   4.9618059e+01   4.8401788e+01   4.8180783e+01   4.9650834e+01   2.7157517e+01   2.9486646e+01
   1.8155638e+01   3.3227738e+01   3.5337560e+01   3.6558361e+01   2.6233234e+01   1.3200330e+01   3.8279721e+01
  -1.2400243e+00   2.5918833e+01  -1.5577937e+01  -4.6207199e+00  -1.4290955e-01   8.1727143e+00   4.9226267e+00
   2.7712572e+01   7.3030946e+00   2.8647946e+01   5.2802864e+00  -5.2626406e+00  -5.4656374e+00   3.6847169e+00
  -1.4625554e+01   4.9178548e+00   3.0013827e+01  -5.8183989e+00  -2.0027670e+00  -4.9870758e+00  -5.7502225e+00
   2.4097719e+01   2.7223828e+01  -1.2725979e+01   4.2107474e+00   5.4209666e+00  -7.8368985e+00  -2.4720594e+00
   3.1515131e+00   3.5824571e+00   6.1234472e+00   2.6393660e+00   6.2197628e+00   1.1807493e+00   4.6604943e+00
   4.3710919e+00   3.8620708e+00   1.2760730e+00   4.5480630e+00   1.1032942e+00   5.6664274e+00   1.7156459e+00
