   4.0000000e-01   5.0000000e-01   6.0000000e-01   7.0000000e-01   8.0000000e-01
   1.5653889e-01   4.2608246e-02   4.1836765e-02   4.3320313e-02   6.7774422e-02
   5.0000000e+03   5.0000000e+03   5.0000000e+03   5.0000000e+03   5.0000000e+03
   2.5111611e+00   2.5111611e+00   2.5111611e+00   2.5456819e+00   2.6980618e+00
   1.4821305e+00   7.5603631e-01   5.6503866e-01   3.7437660e-01   9.0374291e-01
   9.6521595e-01   8.9481470e-01   7.5731647e-01   6.7687466e-01   7.8148903e-01
   2.9034484e+01   4.2838363e+01   2.5157867e+01   4.5083342e+01   3.8128331e+01
   1.5544867e-01   4.6025625e-01   4.5023625e-01   3.8578612e-01   3.5083864e-01
   1.8512767e+01   4.9317819e+01   3.9102263e+01   3.5604863e+01   3.2143113e+01
   2.8500748e+01   4.1465205e+01   4.7990619e+01   3.3799348e+01   2.8065895e+01
  -1.1797861e+01   1.1894932e+01  -2.4041533e-02   7.1453587e+00  -4.5060151e+00
   4.1948950e+01  -1.8390167e+01  -1.1652906e+01  -2.2295589e+01  -2.5632155e+01
   3.6797001e+01   1.4372798e+01   8.6668214e+00  -2.1161617e+01   2.5993826e+01
  -2.3059890e+01   1.7403474e+01   8.7205260e+00  -8.8094019e+00   4.5696395e+00
   5.7880139e+00   4.0845771e+00   3.8350154e+00   8.4368477e-01   4.2318309e+00
   1.9962340e+00   2.9751567e+00   3.1665955e+00   6.0179421e+00   2.5600999e+00
