   1.4823235e+00   5.0000000e+03   2.0586044e+00   4.3906051e+01   4.1083067e-01   1.0761118e+00   0.0000000e+00   0.0000000e+00   0.0000000e+00   0.0000000e+00
   1.2178676e+00   5.0000000e+03   2.0169502e+00   3.9149951e-01   3.3893981e-01   1.1259329e+00   0.0000000e+00   0.0000000e+00   0.0000000e+00   0.0000000e+00
   3.4284527e+00   5.0000000e+03   1.5183423e+00   3.4172975e+01   2.5390688e-01   1.1235020e+00   0.0000000e+00   0.0000000e+00   0.0000000e+00   0.0000000e+00
   2.4285454e-01   5.0000000e+03   1.2317450e+00   3.8879641e+01   1.6590362e-01   1.0689171e+00   0.0000000e+00   0.0000000e+00   0.0000000e+00   0.0000000e+00
   1.7553304e+00   5.0000000e+03   9.9847480e-01   1.3507935e+01   8.5431626e-02   9.6858505e-01   0.0000000e+00   0.0000000e+00   0.0000000e+00   0.0000000e+00
   6.9720933e-01   5.0000000e+03   1.2420870e+00   1.1179719e+01   2.2107857e-02   8.3453359e-01   0.0000000e+00   0.0000000e+00   0.0000000e+00   0.0000000e+00
   2.0946610e-01   5.0000000e+03   9.2797900e-01  -6.3236304e+00  -1.6452340e-02   6.8299699e-01   0.0000000e+00   0.0000000e+00   0.0000000e+00   0.0000000e+00
   1.0598671e-01   5.0000000e+03   1.0510278e+00   1.6954738e+01  -2.5541356e-02   5.3242759e-01   0.0000000e+00   0.0000000e+00   0.0000000e+00   0.0000000e+00
   6.6903334e-01   5.0000000e+03   1.1423948e+00   3.3892883e+00  -3.9530184e-03   4.0118637e-01   0.0000000e+00   0.0000000e+00   0.0000000e+00   0.0000000e+00
   8.7833316e-01   5.0000000e+03   1.0846010e+00   4.1084598e+00   4.5819186e-02   3.0523259e-01   0.0000000e+00   0.0000000e+00   0.0000000e+00   0.0000000e+00
   2.4650767e+00   5.0000000e+03   1.5229932e+00   0.0000000e+00   1.1782931e-01   2.5613813e-01   0.0000000e+00   0.0000000e+00   0.0000000e+00   0.0000000e+00
   1.5756527e+00   5.0000000e+03   1.9909340e+00   0.0000000e+00   2.0336874e-01   2.5969448e-01   0.0000000e+00   0.0000000e+00   0.0000000e+00   0.0000000e+00
   5.8352641e-01   5.0000000e+03   1.4642669e+00   0.0000000e+00   2.9202874e-01   3.1527706e-01   0.0000000e+00   0.0000000e+00   0.0000000e+00   0.0000000e+00
   5.0615154e-01   5.0000000e+03   1.3096089e+00   0.0000000e+00   3.7300051e-01   4.1601217e-01   0.0000000e+00   0.0000000e+00   0.0000000e+00   0.0000000e+00
   3.0345814e+00   5.0000000e+03   1.3774798e+00   0.0000000e+00   4.3643327e-01   5.4968348e-01   0.0000000e+00   0.0000000e+00   0.0000000e+00   0.0000000e+00
   1.8267356e+00   5.0000000e+03   1.0983454e+00   0.0000000e+00   4.7466059e-01   7.0023447e-01   0.0000000e+00   0.0000000e+00   0.0000000e+00   0.0000000e+00
   1.3068646e+00   5.0000000e+03   8.3643460e-01   0.0000000e+00   4.8313056e-01   8.4967406e-01   0.0000000e+00   0.0000000e+00   0.0000000e+00   0.0000000e+00
   1.1056600e+00   5.0000000e+03   1.0978206e+00   0.0000000e+00   4.6092673e-01   9.8017003e-01   0.0000000e+00   0.0000000e+00   0.0000000e+00   0.0000000e+00
   2.8250139e+00   5.0000000e+03   9.7611150e-01   0.0000000e+00   0.0000000e+00   0.0000000e+00   0.0000000e+00   0.0000000e+00   0.0000000e+00   0.0000000e+00
   4.1267288e-01   5.0000000e+03   1.1889742e+00   0.0000000e+00   0.0000000e+00   0.0000000e+00   0.0000000e+00   0.0000000e+00   0.0000000e+00   0.0000000e+00
   6.0495880e-01   5.0000000e+03   1.0804746e+00   0.0000000e+00   0.0000000e+00   0.0000000e+00   0.0000000e+00   0.0000000e+00   0.0000000e+00   0.0000000e+00
   2.5766827e-01   5.0000000e+03   6.4210700e-01   0.0000000e+00   0.0000000e+00   0.0000000e+00   0.0000000e+00   0.0000000e+00   0.0000000e+00   0.0000000e+00
   4.5820631e-01   5.0000000e+03   5.6177570e-01   0.0000000e+00   0.0000000e+00   0.0000000e+00   0.0000000e+00   0.0000000e+00   0.0000000e+00   0.0000000e+00
   1.6832259e-01   5.0000000e+03   8.0890080e-01   0.0000000e+00   0.0000000e+00   0.0000000e+00   0.0000000e+00   0.0000000e+00   0.0000000e+00   0.0000000e+00
   9.2999452e-01   5.0000000e+03   8.8646440e-01   0.0000000e+00   0.0000000e+00   0.0000000e+00   0.0000000e+00   0.0000000e+00   0.0000000e+00   0.0000000e+00
   6.8376943e-01   5.0000000e+03   6.2911050e-01   0.0000000e+00   0.0000000e+00   0.0000000e+00   0.0000000e+00   0.0000000e+00   0.0000000e+00   0.0000000e+00
   2.2094440e+00   5.0000000e+03   6.6109950e-01   0.0000000e+00   0.0000000e+00   0.0000000e+00   0.0000000e+00   0.0000000e+00   0.0000000e+00   0.0000000e+00
   1.1468953e+00   5.0000000e+03   9.1633630e-01   0.0000000e+00   0.0000000e+00   0.0000000e+00   0.0000000e+00   0.0000000e+00   0.0000000e+00   0.0000000e+00
   2.5199091e+00   5.0000000e+03   6.9686800e-01   0.0000000e+00   0.0000000e+00   0.0000000e+00   0.0000000e+00   0.0000000e+00   0.0000000e+00   0.0000000e+00
   5.3086366e-01   5.0000000e+03   7.5238670e-01   0.0000000e+00   0.0000000e+00   0.0000000e+00   0.0000000e+00   0.0000000e+00   0.0000000e+00   0.0000000e+00
   2.5321001e+00   5.0000000e+03   7.6756120e-01   0.0000000e+00   0.0000000e+00   0.0000000e+00   0.0000000e+00   0.0000000e+00   0.0000000e+00   0.0000000e+00
   7.0093682e+00   5.0000000e+03   6.9880110e-01   0.0000000e+00   0.0000000e+00   0.0000000e+00   0.0000000e+00   0.0000000e+00   0.0000000e+00   0.0000000e+00
   8.4066736e-01   5.0000000e+03   7.7777710e-01   0.0000000e+00   0.0000000e+00   0.0000000e+00   0.0000000e+00   0.0000000e+00   0.0000000e+00   0.0000000e+00
   8.7995571e-01   5.0000000e+03   8.1155460e-01   0.0000000e+00   0.0000000e+00   0.0000000e+00   0.0000000e+00   0.0000000e+00   0.0000000e+00   0.0000000e+00
   3.7714040e-01   5.0000000e+03   6.7195900e-01   0.0000000e+00   0.0000000e+00   0.0000000e+00   0.0000000e+00   0.0000000e+00   0.0000000e+00   0.0000000e+00
   4.4116900e-01   5.0000000e+03   7.1854820e-01   0.0000000e+00   0.0000000e+00   0.0000000e+00   0.0000000e+00   0.0000000e+00   0.0000000e+00   0.0000000e+00
   5.9310525e-01   5.0000000e+03   6.4295070e-01   0.0000000e+00   0.0000000e+00   0.0000000e+00   0.0000000e+00   0.0000000e+00   0.0000000e+00   0.0000000e+00
   9.5036094e-01   5.0000000e+03   7.7865700e-01   0.0000000e+00   0.0000000e+00   0.0000000e+00   0.0000000e+00   0.0000000e+00   0.0000000e+00   0.0000000e+00
   2.2897429e+00   5.0000000e+03   1.1040372e+00   0.0000000e+00   0.0000000e+00   0.0000000e+00   0.0000000e+00   0.0000000e+00   0.0000000e+00   0.0000000e+00
   1.4919834e+00   5.0000000e+03   8.7960110e-01   0.0000000e+00   0.0000000e+00   0.0000000e+00   0.0000000e+00   0.0000000e+00   0.0000000e+00   0.0000000e+00
   1.8356621e-01   5.0000000e+03   6.7153150e-01   0.0000000e+00   0.0000000e+00   0.0000000e+00   0.0000000e+00   0.0000000e+00   0.0000000e+00   0.0000000e+00
   7.6056666e-01   5.0000000e+03   1.1810154e+00   0.0000000e+00   0.0000000e+00   0.0000000e+00   0.0000000e+00   0.0000000e+00   0.0000000e+00   0.0000000e+00
   1.4195360e+00   5.0000000e+03   5.7319690e-01   0.0000000e+00   0.0000000e+00   0.0000000e+00   0.0000000e+00   0.0000000e+00   0.0000000e+00   0.0000000e+00
   1.8288982e+00   5.0000000e+03   5.8672660e-01   0.0000000e+00   0.0000000e+00   0.0000000e+00   0.0000000e+00   0.0000000e+00   0.0000000e+00   0.0000000e+00
   1.3567668e+00   5.0000000e+03   5.7827070e-01   0.0000000e+00   0.0000000e+00   0.0000000e+00   0.0000000e+00   0.0000000e+00   0.0000000e+00   0.0000000e+00
   5.4080059e-01   5.0000000e+03   6.9731210e-01   0.0000000e+00   0.0000000e+00   0.0000000e+00   0.0000000e+00   0.0000000e+00   0.0000000e+00   0.0000000e+00
   1.5037540e+00   5.0000000e+03   7.0538850e-01   0.0000000e+00   0.0000000e+00   0.0000000e+00   0.0000000e+00   0.0000000e+00   0.0000000e+00   0.0000000e+00
   1.5787604e+00   5.0000000e+03   5.9562620e-01   0.0000000e+00   0.0000000e+00   0.0000000e+00   0.0000000e+00   0.0000000e+00   0.0000000e+00   0.0000000e+00
   1.5523928e+00   5.0000000e+03   7.1857160e-01   0.0000000e+00   0.0000000e+00   0.0000000e+00   0.0000000e+00   0.0000000e+00   0.0000000e+00   0.0000000e+00
   9.4391087e+00   5.0000000e+03   7.6494610e-01   0.0000000e+00   0.0000000e+00   0.0000000e+00   0.0000000e+00   0.0000000e+00   0.0000000e+00   0.0000000e+00
   1.0598671e-01   0.0000000e+00   0.0000000e+00   0.0000000e+00   0.0000000e+00   0.0000000e+00   0.0000000e+00   0.0000000e+00   0.0000000e+00   0.0000000e+00
   5.0000000e+03   0.0000000e+00   0.0000000e+00   0.0000000e+00   0.0000000e+00   0.0000000e+00   0.0000000e+00   0.0000000e+00   0.0000000e+00   0.0000000e+00
   9.4391087e+00   0.0000000e+00   0.0000000e+00   0.0000000e+00   0.0000000e+00   0.0000000e+00   0.0000000e+00   0.0000000e+00   0.0000000e+00   0.0000000e+00
   1.4681714e+00   0.0000000e+00   0.0000000e+00   0.0000000e+00   0.0000000e+00   0.0000000e+00   0.0000000e+00   0.0000000e+00   0.0000000e+00   0.0000000e+00
   1.6327274e+00   0.0000000e+00   0.0000000e+00   0.0000000e+00   0.0000000e+00   0.0000000e+00   0.0000000e+00   0.0000000e+00   0.0000000e+00   0.0000000e+00
