   1.9937844e+00   5.0000000e+03   1.4390215e+00   4.5706282e+01   5.1608673e-01   1.1177353e+00   0.0000000e+00   0.0000000e+00   0.0000000e+00   0.0000000e+00
   3.4016539e-02   5.0000000e+03   4.6832710e-01   2.6850150e-01   4.4495385e-01   1.1433135e+00   0.0000000e+00   0.0000000e+00   0.0000000e+00   0.0000000e+00
   5.5638596e-02   5.0000000e+03   4.7373990e-01   4.7237679e+01   3.4077126e-01   1.1031565e+00   0.0000000e+00   0.0000000e+00   0.0000000e+00   0.0000000e+00
   1.9535288e+00   5.0000000e+03   4.8056100e-01   1.8917631e+00   2.2881848e-01   1.0136307e+00   0.0000000e+00   0.0000000e+00   0.0000000e+00   0.0000000e+00
   5.7645253e-02   5.0000000e+03   4.8090260e-01   1.6073346e+01   1.2839101e-01   8.9067638e-01   0.0000000e+00   0.0000000e+00   0.0000000e+00   0.0000000e+00
   8.2978554e-01   5.0000000e+03   4.8953390e-01   2.2257064e+01   5.1365121e-02   7.4878636e-01   0.0000000e+00   0.0000000e+00   0.0000000e+00   0.0000000e+00
   1.8795166e-01   5.0000000e+03   4.7446000e-01   1.8975304e+01   3.9433378e-03   6.0215282e-01   0.0000000e+00   0.0000000e+00   0.0000000e+00   0.0000000e+00
   2.9551999e-01   5.0000000e+03   4.7873590e-01  -1.9408814e+01  -1.2097578e-02   4.6477792e-01   0.0000000e+00   0.0000000e+00   0.0000000e+00   0.0000000e+00
   1.6257819e-01   5.0000000e+03   4.7693920e-01   1.3532475e+00   1.5400429e-03   3.4986246e-01   0.0000000e+00   0.0000000e+00   0.0000000e+00   0.0000000e+00
   1.5058611e-01   5.0000000e+03   5.0628200e-01   6.2667892e+00   4.0620554e-02   2.6891497e-01   0.0000000e+00   0.0000000e+00   0.0000000e+00   0.0000000e+00
   3.3338492e-01   5.0000000e+03   4.7358810e-01   0.0000000e+00   9.9351080e-02   2.3080487e-01   0.0000000e+00   0.0000000e+00   0.0000000e+00   0.0000000e+00
   9.2736830e-01   5.0000000e+03   4.8844510e-01   0.0000000e+00   1.7128460e-01   2.4086807e-01   0.0000000e+00   0.0000000e+00   0.0000000e+00   0.0000000e+00
   5.3923196e-02   5.0000000e+03   4.6606080e-01   0.0000000e+00   2.5002403e-01   3.0014485e-01   0.0000000e+00   0.0000000e+00   0.0000000e+00   0.0000000e+00
   1.5094525e-01   5.0000000e+03   4.7544400e-01   0.0000000e+00   3.2962913e-01   4.0483700e-01   0.0000000e+00   0.0000000e+00   0.0000000e+00   0.0000000e+00
   1.8922630e-01   5.0000000e+03   4.6832450e-01   0.0000000e+00   4.0464225e-01   5.4605101e-01   0.0000000e+00   0.0000000e+00   0.0000000e+00   0.0000000e+00
   1.9323511e+00   5.0000000e+03   4.8108870e-01   0.0000000e+00   4.6958749e-01   7.0978116e-01   0.0000000e+00   0.0000000e+00   0.0000000e+00   0.0000000e+00
   8.2331117e-02   5.0000000e+03   4.6484500e-01   0.0000000e+00   5.1762035e-01   8.7683932e-01   0.0000000e+00   0.0000000e+00   0.0000000e+00   0.0000000e+00
   5.9918949e-02   5.0000000e+03   4.6091670e-01   0.0000000e+00   5.3808554e-01   1.0224041e+00   0.0000000e+00   0.0000000e+00   0.0000000e+00   0.0000000e+00
   1.2712928e+00   5.0000000e+03   4.7973000e-01   0.0000000e+00   0.0000000e+00   0.0000000e+00   0.0000000e+00   0.0000000e+00   0.0000000e+00   0.0000000e+00
   4.7742444e-02   5.0000000e+03   4.7737400e-01   0.0000000e+00   0.0000000e+00   0.0000000e+00   0.0000000e+00   0.0000000e+00   0.0000000e+00   0.0000000e+00
   3.4016539e-02   2.0000000e+00   0.0000000e+00   0.0000000e+00   0.0000000e+00   0.0000000e+00   0.0000000e+00   0.0000000e+00   0.0000000e+00   0.0000000e+00
   5.0000000e+03   0.0000000e+00   0.0000000e+00   0.0000000e+00   0.0000000e+00   0.0000000e+00   0.0000000e+00   0.0000000e+00   0.0000000e+00   0.0000000e+00
   1.9937844e+00   0.0000000e+00   0.0000000e+00   0.0000000e+00   0.0000000e+00   0.0000000e+00   0.0000000e+00   0.0000000e+00   0.0000000e+00   0.0000000e+00
   5.3847598e-01   0.0000000e+00   0.0000000e+00   0.0000000e+00   0.0000000e+00   0.0000000e+00   0.0000000e+00   0.0000000e+00   0.0000000e+00   0.0000000e+00
   6.9795490e-01   0.0000000e+00   0.0000000e+00   0.0000000e+00   0.0000000e+00   0.0000000e+00   0.0000000e+00   0.0000000e+00   0.0000000e+00   0.0000000e+00
