   3.3805809e-01   5.0000000e+03   1.1576459e+00   4.9800886e+01   5.1483317e-01   1.0917567e+00   0.0000000e+00   0.0000000e+00   0.0000000e+00   0.0000000e+00
   2.2575889e-01   5.0000000e+03   9.1839280e-01   2.8817159e-01   4.3203019e-01   1.1137686e+00   0.0000000e+00   0.0000000e+00   0.0000000e+00   0.0000000e+00
   3.6743028e-02   5.0000000e+03   8.6149190e-01   4.8476138e+01   3.2923660e-01   1.0829194e+00   0.0000000e+00   0.0000000e+00   0.0000000e+00   0.0000000e+00
   8.3192724e-02   5.0000000e+03   7.3517510e-01   1.6336420e+00   2.2220701e-01   1.0056120e+00   0.0000000e+00   0.0000000e+00   0.0000000e+00   0.0000000e+00
   1.1652954e-01   5.0000000e+03   7.6400170e-01  -2.3412810e+01   1.2565727e-01   8.9269631e-01   0.0000000e+00   0.0000000e+00   0.0000000e+00   0.0000000e+00
   6.2720967e-02   5.0000000e+03   7.2301360e-01   7.6644886e+00   5.1241504e-02   7.5790887e-01   0.0000000e+00   0.0000000e+00   0.0000000e+00   0.0000000e+00
   2.5111616e+00   5.0000000e+03   7.8796250e-01  -1.4836153e+01   6.1241723e-03   6.1617296e-01   0.0000000e+00   0.0000000e+00   0.0000000e+00   0.0000000e+00
   2.9880387e-01   5.0000000e+03   8.5766220e-01   2.0140223e+01  -7.6616314e-03   4.8197455e-01   0.0000000e+00   0.0000000e+00   0.0000000e+00   0.0000000e+00
   2.7405255e-01   5.0000000e+03   9.0281610e-01   2.5286091e+00   6.9620278e-03   3.6796004e-01   0.0000000e+00   0.0000000e+00   0.0000000e+00   0.0000000e+00
   3.1529416e-01   5.0000000e+03   8.1264560e-01   5.0644224e+00   4.3050577e-02   2.8387742e-01   0.0000000e+00   0.0000000e+00   0.0000000e+00   0.0000000e+00
   6.0285495e-02   5.0000000e+03   8.4985260e-01   0.0000000e+00   9.1360449e-02   2.3608878e-01   0.0000000e+00   0.0000000e+00   0.0000000e+00   0.0000000e+00
   4.3256790e-02   5.0000000e+03   8.2527840e-01   0.0000000e+00   1.4367326e-01   2.2847274e-01   0.0000000e+00   0.0000000e+00   0.0000000e+00   0.0000000e+00
   1.1828456e+00   5.0000000e+03   8.3669520e-01   0.0000000e+00   2.0282206e-01   2.6874030e-01   0.0000000e+00   0.0000000e+00   0.0000000e+00   0.0000000e+00
   3.2029066e-01   5.0000000e+03   8.2918030e-01   0.0000000e+00   3.0009202e-01   3.8095669e-01   0.0000000e+00   0.0000000e+00   0.0000000e+00   0.0000000e+00
   8.1070027e-01   5.0000000e+03   8.2302150e-01   0.0000000e+00   4.2287799e-01   5.5147584e-01   0.0000000e+00   0.0000000e+00   0.0000000e+00   0.0000000e+00
   6.4257083e-02   5.0000000e+03   8.7211210e-01   0.0000000e+00   5.1823035e-01   7.3132177e-01   0.0000000e+00   0.0000000e+00   0.0000000e+00   0.0000000e+00
   4.2892181e-02   5.0000000e+03   8.5084030e-01   0.0000000e+00   5.6604755e-01   8.9211220e-01   0.0000000e+00   0.0000000e+00   0.0000000e+00   0.0000000e+00
   3.1873653e-02   5.0000000e+03   8.2406190e-01   0.0000000e+00   5.6315631e-01   1.0160855e+00   0.0000000e+00   0.0000000e+00   0.0000000e+00   0.0000000e+00
   1.4193412e-01   5.0000000e+03   8.5702720e-01   0.0000000e+00   0.0000000e+00   0.0000000e+00   0.0000000e+00   0.0000000e+00   0.0000000e+00   0.0000000e+00
   4.2128179e-02   5.0000000e+03   8.1451120e-01   0.0000000e+00   0.0000000e+00   0.0000000e+00   0.0000000e+00   0.0000000e+00   0.0000000e+00   0.0000000e+00
   4.3205386e-01   5.0000000e+03   8.4689950e-01   0.0000000e+00   0.0000000e+00   0.0000000e+00   0.0000000e+00   0.0000000e+00   0.0000000e+00   0.0000000e+00
   5.9150852e-02   5.0000000e+03   8.1410650e-01   0.0000000e+00   0.0000000e+00   0.0000000e+00   0.0000000e+00   0.0000000e+00   0.0000000e+00   0.0000000e+00
   4.7151397e-01   5.0000000e+03   8.0282990e-01   0.0000000e+00   0.0000000e+00   0.0000000e+00   0.0000000e+00   0.0000000e+00   0.0000000e+00   0.0000000e+00
   1.6077817e-02   5.0000000e+03   8.1764730e-01   0.0000000e+00   0.0000000e+00   0.0000000e+00   0.0000000e+00   0.0000000e+00   0.0000000e+00   0.0000000e+00
   2.5111626e+00   5.0000000e+03   8.1148480e-01   0.0000000e+00   0.0000000e+00   0.0000000e+00   0.0000000e+00   0.0000000e+00   0.0000000e+00   0.0000000e+00
   2.2667356e-01   5.0000000e+03   8.1754100e-01   0.0000000e+00   0.0000000e+00   0.0000000e+00   0.0000000e+00   0.0000000e+00   0.0000000e+00   0.0000000e+00
   1.2797572e+00   5.0000000e+03   8.8360160e-01   0.0000000e+00   0.0000000e+00   0.0000000e+00   0.0000000e+00   0.0000000e+00   0.0000000e+00   0.0000000e+00
   4.0789811e-02   5.0000000e+03   8.3435200e-01   0.0000000e+00   0.0000000e+00   0.0000000e+00   0.0000000e+00   0.0000000e+00   0.0000000e+00   0.0000000e+00
   3.3971376e-01   5.0000000e+03   8.5496000e-01   0.0000000e+00   0.0000000e+00   0.0000000e+00   0.0000000e+00   0.0000000e+00   0.0000000e+00   0.0000000e+00
   1.0415145e+00   5.0000000e+03   8.2562680e-01   0.0000000e+00   0.0000000e+00   0.0000000e+00   0.0000000e+00   0.0000000e+00   0.0000000e+00   0.0000000e+00
   4.3345270e-02   5.0000000e+03   8.1258060e-01   0.0000000e+00   0.0000000e+00   0.0000000e+00   0.0000000e+00   0.0000000e+00   0.0000000e+00   0.0000000e+00
   4.7304316e-02   5.0000000e+03   8.2845680e-01   0.0000000e+00   0.0000000e+00   0.0000000e+00   0.0000000e+00   0.0000000e+00   0.0000000e+00   0.0000000e+00
   4.2788861e-02   5.0000000e+03   7.9842080e-01   0.0000000e+00   0.0000000e+00   0.0000000e+00   0.0000000e+00   0.0000000e+00   0.0000000e+00   0.0000000e+00
   4.4288018e-02   5.0000000e+03   8.2260730e-01   0.0000000e+00   0.0000000e+00   0.0000000e+00   0.0000000e+00   0.0000000e+00   0.0000000e+00   0.0000000e+00
   1.8798120e-01   5.0000000e+03   8.1783990e-01   0.0000000e+00   0.0000000e+00   0.0000000e+00   0.0000000e+00   0.0000000e+00   0.0000000e+00   0.0000000e+00
   4.3905791e-02   5.0000000e+03   8.1886110e-01   0.0000000e+00   0.0000000e+00   0.0000000e+00   0.0000000e+00   0.0000000e+00   0.0000000e+00   0.0000000e+00
   4.3239983e-02   5.0000000e+03   8.2433930e-01   0.0000000e+00   0.0000000e+00   0.0000000e+00   0.0000000e+00   0.0000000e+00   0.0000000e+00   0.0000000e+00
   4.3759496e-02   5.0000000e+03   8.7598150e-01   0.0000000e+00   0.0000000e+00   0.0000000e+00   0.0000000e+00   0.0000000e+00   0.0000000e+00   0.0000000e+00
   4.4860697e-01   5.0000000e+03   8.8933490e-01   0.0000000e+00   0.0000000e+00   0.0000000e+00   0.0000000e+00   0.0000000e+00   0.0000000e+00   0.0000000e+00
   4.4439642e-02   5.0000000e+03   8.2683520e-01   0.0000000e+00   0.0000000e+00   0.0000000e+00   0.0000000e+00   0.0000000e+00   0.0000000e+00   0.0000000e+00
   4.2537154e-02   5.0000000e+03   8.5835340e-01   0.0000000e+00   0.0000000e+00   0.0000000e+00   0.0000000e+00   0.0000000e+00   0.0000000e+00   0.0000000e+00
   2.7684458e-01   5.0000000e+03   8.3638230e-01   0.0000000e+00   0.0000000e+00   0.0000000e+00   0.0000000e+00   0.0000000e+00   0.0000000e+00   0.0000000e+00
   4.5123500e-02   5.0000000e+03   8.3499380e-01   0.0000000e+00   0.0000000e+00   0.0000000e+00   0.0000000e+00   0.0000000e+00   0.0000000e+00   0.0000000e+00
   5.3732837e-02   5.0000000e+03   8.0035950e-01   0.0000000e+00   0.0000000e+00   0.0000000e+00   0.0000000e+00   0.0000000e+00   0.0000000e+00   0.0000000e+00
   4.2737879e-02   5.0000000e+03   8.1822680e-01   0.0000000e+00   0.0000000e+00   0.0000000e+00   0.0000000e+00   0.0000000e+00   0.0000000e+00   0.0000000e+00
   1.1187908e-01   5.0000000e+03   8.6295020e-01   0.0000000e+00   0.0000000e+00   0.0000000e+00   0.0000000e+00   0.0000000e+00   0.0000000e+00   0.0000000e+00
   4.4428260e-02   5.0000000e+03   8.5906340e-01   0.0000000e+00   0.0000000e+00   0.0000000e+00   0.0000000e+00   0.0000000e+00   0.0000000e+00   0.0000000e+00
   4.3513067e-02   5.0000000e+03   8.3373060e-01   0.0000000e+00   0.0000000e+00   0.0000000e+00   0.0000000e+00   0.0000000e+00   0.0000000e+00   0.0000000e+00
   4.2946224e-02   5.0000000e+03   8.1121730e-01   0.0000000e+00   0.0000000e+00   0.0000000e+00   0.0000000e+00   0.0000000e+00   0.0000000e+00   0.0000000e+00
   4.2562325e-02   5.0000000e+03   8.1092720e-01   0.0000000e+00   0.0000000e+00   0.0000000e+00   0.0000000e+00   0.0000000e+00   0.0000000e+00   0.0000000e+00
   1.6077817e-02   2.4000000e+01   0.0000000e+00   0.0000000e+00   0.0000000e+00   0.0000000e+00   0.0000000e+00   0.0000000e+00   0.0000000e+00   0.0000000e+00
   5.0000000e+03   0.0000000e+00   0.0000000e+00   0.0000000e+00   0.0000000e+00   0.0000000e+00   0.0000000e+00   0.0000000e+00   0.0000000e+00   0.0000000e+00
   2.5111626e+00   0.0000000e+00   0.0000000e+00   0.0000000e+00   0.0000000e+00   0.0000000e+00   0.0000000e+00   0.0000000e+00   0.0000000e+00   0.0000000e+00
   3.0314304e-01   0.0000000e+00   0.0000000e+00   0.0000000e+00   0.0000000e+00   0.0000000e+00   0.0000000e+00   0.0000000e+00   0.0000000e+00   0.0000000e+00
   5.4071818e-01   0.0000000e+00   0.0000000e+00   0.0000000e+00   0.0000000e+00   0.0000000e+00   0.0000000e+00   0.0000000e+00   0.0000000e+00   0.0000000e+00
