   5.3740115e+00   5.0000000e+03   1.2313524e+00   4.0794306e+01   2.8646060e-01   9.9979792e-01   0.0000000e+00   0.0000000e+00   0.0000000e+00   0.0000000e+00
   8.1674277e+00   5.0000000e+03   1.0223238e+00   2.5882952e-01   2.1441172e-01   1.0017287e+00   0.0000000e+00   0.0000000e+00   0.0000000e+00   0.0000000e+00
   2.9943003e+01   5.0000000e+03   1.1384179e+00   4.2151143e+01   1.5485782e-01   9.7383349e-01   0.0000000e+00   0.0000000e+00   0.0000000e+00   0.0000000e+00
   1.3025742e+01   5.0000000e+03   1.7937686e+00   5.3834310e+00   1.1497421e-01   9.1941776e-01   0.0000000e+00   0.0000000e+00   0.0000000e+00   0.0000000e+00
   7.6791592e+00   5.0000000e+03   1.9125915e+00   1.1604399e+01   9.9496360e-02   8.4484060e-01   0.0000000e+00   0.0000000e+00   0.0000000e+00   0.0000000e+00
   4.0047719e+00   5.0000000e+03   1.4423385e+00   6.9199644e+00   1.1018111e-01   7.5883839e-01   0.0000000e+00   0.0000000e+00   0.0000000e+00   0.0000000e+00
   1.6258691e+01   5.0000000e+03   1.2242370e+00  -1.1489063e+01   1.4564335e-01   6.7159019e-01   0.0000000e+00   0.0000000e+00   0.0000000e+00   0.0000000e+00
   1.4394911e+01   5.0000000e+03   1.4262265e+00   7.3215994e+00   2.0156806e-01   5.9358385e-01   0.0000000e+00   0.0000000e+00   0.0000000e+00   0.0000000e+00
   1.3914053e+01   5.0000000e+03   1.4587365e+00   5.1119994e+00   2.7125148e-01   5.3437292e-01   0.0000000e+00   0.0000000e+00   0.0000000e+00   0.0000000e+00
   1.4263474e+01   5.0000000e+03   1.3886567e+00   2.8399163e+00   3.4639344e-01   5.0135889e-01   0.0000000e+00   0.0000000e+00   0.0000000e+00   0.0000000e+00
   7.9365723e+00   5.0000000e+03   1.1247476e+00   0.0000000e+00   4.1804941e-01   4.9877340e-01   0.0000000e+00   0.0000000e+00   0.0000000e+00   0.0000000e+00
   4.2309696e+01   5.0000000e+03   1.2858340e+00   0.0000000e+00   4.7765034e-01   5.2704525e-01   0.0000000e+00   0.0000000e+00   0.0000000e+00   0.0000000e+00
   1.6688857e+01   5.0000000e+03   1.0647894e+00   0.0000000e+00   5.1799857e-01   5.8269199e-01   0.0000000e+00   0.0000000e+00   0.0000000e+00   0.0000000e+00
   9.3359160e+00   5.0000000e+03   1.1346063e+00   0.0000000e+00   5.3414074e-01   6.5877803e-01   0.0000000e+00   0.0000000e+00   0.0000000e+00   0.0000000e+00
   6.5624297e+00   5.0000000e+03   1.3115540e+00   0.0000000e+00   5.2400932e-01   7.4586141e-01   0.0000000e+00   0.0000000e+00   0.0000000e+00   0.0000000e+00
   1.3975200e+01   5.0000000e+03   1.1642058e+00   0.0000000e+00   4.8873105e-01   8.3325789e-01   0.0000000e+00   0.0000000e+00   0.0000000e+00   0.0000000e+00
   5.4716265e+00   5.0000000e+03   1.1141341e+00   0.0000000e+00   4.3253492e-01   9.1041004e-01   0.0000000e+00   0.0000000e+00   0.0000000e+00   0.0000000e+00
   2.6794777e+01   5.0000000e+03   3.1030660e+00   0.0000000e+00   3.6225115e-01   9.6816319e-01   0.0000000e+00   0.0000000e+00   0.0000000e+00   0.0000000e+00
   4.5090652e+01   5.0000000e+03   2.5421121e+00   0.0000000e+00   0.0000000e+00   0.0000000e+00   0.0000000e+00   0.0000000e+00   0.0000000e+00   0.0000000e+00
   3.0827424e+00   5.0000000e+03   2.8493122e+00   0.0000000e+00   0.0000000e+00   0.0000000e+00   0.0000000e+00   0.0000000e+00   0.0000000e+00   0.0000000e+00
   4.9479463e+01   5.0000000e+03   2.1303452e+00   0.0000000e+00   0.0000000e+00   0.0000000e+00   0.0000000e+00   0.0000000e+00   0.0000000e+00   0.0000000e+00
   4.7234819e+00   5.0000000e+03   3.9624060e+00   0.0000000e+00   0.0000000e+00   0.0000000e+00   0.0000000e+00   0.0000000e+00   0.0000000e+00   0.0000000e+00
   2.5061319e+00   5.0000000e+03   2.8743284e+00   0.0000000e+00   0.0000000e+00   0.0000000e+00   0.0000000e+00   0.0000000e+00   0.0000000e+00   0.0000000e+00
   1.2336477e+01   5.0000000e+03   2.6439851e+00   0.0000000e+00   0.0000000e+00   0.0000000e+00   0.0000000e+00   0.0000000e+00   0.0000000e+00   0.0000000e+00
   1.0466303e+01   5.0000000e+03   2.8773197e+00   0.0000000e+00   0.0000000e+00   0.0000000e+00   0.0000000e+00   0.0000000e+00   0.0000000e+00   0.0000000e+00
   4.6711328e+01   5.0000000e+03   2.8053302e+00   0.0000000e+00   0.0000000e+00   0.0000000e+00   0.0000000e+00   0.0000000e+00   0.0000000e+00   0.0000000e+00
   2.0642607e+01   5.0000000e+03   2.9155841e+00   0.0000000e+00   0.0000000e+00   0.0000000e+00   0.0000000e+00   0.0000000e+00   0.0000000e+00   0.0000000e+00
   2.8138092e+01   5.0000000e+03   2.1688841e+00   0.0000000e+00   0.0000000e+00   0.0000000e+00   0.0000000e+00   0.0000000e+00   0.0000000e+00   0.0000000e+00
   1.0602507e+01   5.0000000e+03   1.7929035e+00   0.0000000e+00   0.0000000e+00   0.0000000e+00   0.0000000e+00   0.0000000e+00   0.0000000e+00   0.0000000e+00
   4.0215539e+00   5.0000000e+03   1.8553637e+00   0.0000000e+00   0.0000000e+00   0.0000000e+00   0.0000000e+00   0.0000000e+00   0.0000000e+00   0.0000000e+00
   9.2401172e+00   5.0000000e+03   1.4748246e+00   0.0000000e+00   0.0000000e+00   0.0000000e+00   0.0000000e+00   0.0000000e+00   0.0000000e+00   0.0000000e+00
   2.9374054e+01   5.0000000e+03   1.5184274e+00   0.0000000e+00   0.0000000e+00   0.0000000e+00   0.0000000e+00   0.0000000e+00   0.0000000e+00   0.0000000e+00
   8.5993487e+00   5.0000000e+03   2.2002319e+00   0.0000000e+00   0.0000000e+00   0.0000000e+00   0.0000000e+00   0.0000000e+00   0.0000000e+00   0.0000000e+00
   2.5617359e+01   5.0000000e+03   1.0999081e+00   0.0000000e+00   0.0000000e+00   0.0000000e+00   0.0000000e+00   0.0000000e+00   0.0000000e+00   0.0000000e+00
   8.3158381e+01   5.0000000e+03   1.4177270e+00   0.0000000e+00   0.0000000e+00   0.0000000e+00   0.0000000e+00   0.0000000e+00   0.0000000e+00   0.0000000e+00
   1.4386595e+01   5.0000000e+03   1.3313021e+00   0.0000000e+00   0.0000000e+00   0.0000000e+00   0.0000000e+00   0.0000000e+00   0.0000000e+00   0.0000000e+00
   4.0539048e+01   5.0000000e+03   1.4882576e+00   0.0000000e+00   0.0000000e+00   0.0000000e+00   0.0000000e+00   0.0000000e+00   0.0000000e+00   0.0000000e+00
   1.9104985e+01   5.0000000e+03   1.4941593e+00   0.0000000e+00   0.0000000e+00   0.0000000e+00   0.0000000e+00   0.0000000e+00   0.0000000e+00   0.0000000e+00
   1.3193569e+00   5.0000000e+03   1.2738331e+00   0.0000000e+00   0.0000000e+00   0.0000000e+00   0.0000000e+00   0.0000000e+00   0.0000000e+00   0.0000000e+00
   8.8215615e+00   5.0000000e+03   1.3988403e+00   0.0000000e+00   0.0000000e+00   0.0000000e+00   0.0000000e+00   0.0000000e+00   0.0000000e+00   0.0000000e+00
   1.9887349e+00   5.0000000e+03   1.3288152e+00   0.0000000e+00   0.0000000e+00   0.0000000e+00   0.0000000e+00   0.0000000e+00   0.0000000e+00   0.0000000e+00
   1.0025467e+01   5.0000000e+03   1.2625129e+00   0.0000000e+00   0.0000000e+00   0.0000000e+00   0.0000000e+00   0.0000000e+00   0.0000000e+00   0.0000000e+00
   5.6176274e+00   5.0000000e+03   1.8171380e+00   0.0000000e+00   0.0000000e+00   0.0000000e+00   0.0000000e+00   0.0000000e+00   0.0000000e+00   0.0000000e+00
   3.1405274e+00   5.0000000e+03   1.4242008e+00   0.0000000e+00   0.0000000e+00   0.0000000e+00   0.0000000e+00   0.0000000e+00   0.0000000e+00   0.0000000e+00
   4.4257057e+01   5.0000000e+03   1.4122058e+00   0.0000000e+00   0.0000000e+00   0.0000000e+00   0.0000000e+00   0.0000000e+00   0.0000000e+00   0.0000000e+00
   6.7218692e+00   5.0000000e+03   1.9362906e+00   0.0000000e+00   0.0000000e+00   0.0000000e+00   0.0000000e+00   0.0000000e+00   0.0000000e+00   0.0000000e+00
   1.4945940e+01   5.0000000e+03   1.9316255e+00   0.0000000e+00   0.0000000e+00   0.0000000e+00   0.0000000e+00   0.0000000e+00   0.0000000e+00   0.0000000e+00
   6.1137340e+00   5.0000000e+03   1.9317720e+00   0.0000000e+00   0.0000000e+00   0.0000000e+00   0.0000000e+00   0.0000000e+00   0.0000000e+00   0.0000000e+00
   1.6997164e+01   5.0000000e+03   1.5336560e+00   0.0000000e+00   0.0000000e+00   0.0000000e+00   0.0000000e+00   0.0000000e+00   0.0000000e+00   0.0000000e+00
   2.0793828e+01   5.0000000e+03   1.4502673e+00   0.0000000e+00   0.0000000e+00   0.0000000e+00   0.0000000e+00   0.0000000e+00   0.0000000e+00   0.0000000e+00
   1.3193569e+00   0.0000000e+00   0.0000000e+00   0.0000000e+00   0.0000000e+00   0.0000000e+00   0.0000000e+00   0.0000000e+00   0.0000000e+00   0.0000000e+00
   5.0000000e+03   0.0000000e+00   0.0000000e+00   0.0000000e+00   0.0000000e+00   0.0000000e+00   0.0000000e+00   0.0000000e+00   0.0000000e+00   0.0000000e+00
   8.3158381e+01   0.0000000e+00   0.0000000e+00   0.0000000e+00   0.0000000e+00   0.0000000e+00   0.0000000e+00   0.0000000e+00   0.0000000e+00   0.0000000e+00
   1.7293288e+01   0.0000000e+00   0.0000000e+00   0.0000000e+00   0.0000000e+00   0.0000000e+00   0.0000000e+00   0.0000000e+00   0.0000000e+00   0.0000000e+00
   1.6091388e+01   0.0000000e+00   0.0000000e+00   0.0000000e+00   0.0000000e+00   0.0000000e+00   0.0000000e+00   0.0000000e+00   0.0000000e+00   0.0000000e+00
