   1.0000000e+02   2.0810883e+03
   2.0000000e+02   2.0810883e+03
   3.0000000e+02   2.0810883e+03
   4.0000000e+02   2.0810883e+03
   5.0000000e+02   2.0810883e+03
   6.0000000e+02   2.0810883e+03
   7.0000000e+02   2.0810883e+03
   8.0000000e+02   2.0810883e+03
   9.0000000e+02   2.0810883e+03
   1.0000000e+03   2.0810883e+03
   1.1000000e+03   2.0810883e+03
   1.2000000e+03   2.0810883e+03
   1.3000000e+03   2.0810883e+03
   1.4000000e+03   2.0810883e+03
   1.5000000e+03   2.0810883e+03
   1.6000000e+03   2.0810883e+03
   1.7000000e+03   2.0810883e+03
   1.8000000e+03   2.0810883e+03
   1.9000000e+03   2.0810883e+03
   2.0000000e+03   2.0810883e+03
   2.1000000e+03   2.0810883e+03
   2.2000000e+03   2.0810883e+03
   2.3000000e+03   2.0810883e+03
   2.4000000e+03   1.8697717e+03
   2.5000000e+03   1.7688531e+03
   2.6000000e+03   1.7688531e+03
   2.7000000e+03   1.7688531e+03
   2.8000000e+03   1.7688531e+03
   2.9000000e+03   1.7688531e+03
   3.0000000e+03   1.7688531e+03
   3.1000000e+03   1.7688531e+03
   3.2000000e+03   1.7688531e+03
   3.3000000e+03   1.7688531e+03
   3.4000000e+03   1.7688531e+03
   3.5000000e+03   1.7688531e+03
   3.6000000e+03   1.7688531e+03
   3.7000000e+03   1.7688531e+03
   3.8000000e+03   1.7688531e+03
   3.9000000e+03   1.7688531e+03
   4.0000000e+03   1.7688531e+03
   4.1000000e+03   1.7688531e+03
   4.2000000e+03   1.7688531e+03
   4.3000000e+03   1.7688531e+03
   4.4000000e+03   1.7688531e+03
   4.5000000e+03   1.7688531e+03
   4.6000000e+03   1.7688531e+03
   4.7000000e+03   1.7688531e+03
   4.8000000e+03   1.7688531e+03
   4.9000000e+03   1.7688531e+03
   5.0000000e+03   1.7688531e+03
   5.1000000e+03   1.6670253e+03
   5.2000000e+03   1.6670253e+03
   5.3000000e+03   1.6670253e+03
   5.4000000e+03   1.6670253e+03
   5.5000000e+03   1.6670253e+03
   5.6000000e+03   1.6670253e+03
   5.7000000e+03   1.6670253e+03
   5.8000000e+03   1.6670253e+03
   5.9000000e+03   1.6670253e+03
   6.0000000e+03   1.0276013e+03
   6.1000000e+03   1.0276013e+03
   6.2000000e+03   1.0276013e+03
   6.3000000e+03   1.0276013e+03
   6.4000000e+03   1.0150363e+03
   6.5000000e+03   1.0150363e+03
   6.6000000e+03   1.0150363e+03
   6.7000000e+03   1.0150363e+03
   6.8000000e+03   1.0150363e+03
   6.9000000e+03   5.8657191e+02
   7.0000000e+03   5.8657191e+02
   7.1000000e+03   4.8725663e+02
   7.2000000e+03   4.8725663e+02
   7.3000000e+03   4.8725663e+02
   7.4000000e+03   4.8725663e+02
   7.5000000e+03   4.7671957e+02
   7.6000000e+03   4.7671957e+02
   7.7000000e+03   4.7671957e+02
   7.8000000e+03   4.7379592e+02
   7.9000000e+03   4.7379592e+02
   8.0000000e+03   4.7379592e+02
   8.1000000e+03   4.7379592e+02
   8.2000000e+03   4.7364642e+02
   8.3000000e+03   4.4098108e+02
   8.4000000e+03   4.0237383e+02
   8.5000000e+03   4.0237383e+02
   8.6000000e+03   4.0237383e+02
   8.7000000e+03   3.2635915e+02
   8.8000000e+03   3.2635915e+02
   8.9000000e+03   3.2635915e+02
   9.0000000e+03   3.2635915e+02
   9.1000000e+03   3.2418328e+02
   9.2000000e+03   3.0594583e+02
   9.3000000e+03   2.8649953e+02
   9.4000000e+03   1.5600537e+02
   9.5000000e+03   1.5600537e+02
   9.6000000e+03   1.5600537e+02
   9.7000000e+03   1.5600537e+02
   9.8000000e+03   1.5600537e+02
   9.9000000e+03   1.5600537e+02
   1.0000000e+04   1.5600537e+02
   1.0100000e+04   1.5600537e+02
   1.0200000e+04   1.5600537e+02
   1.0300000e+04   1.5600537e+02
   1.0400000e+04   1.5600537e+02
   1.0500000e+04   1.5600537e+02
   1.0600000e+04   1.2622227e+02
   1.0700000e+04   1.2622227e+02
   1.0800000e+04   1.2622227e+02
   1.0900000e+04   1.2352980e+02
   1.1000000e+04   1.2352980e+02
   1.1100000e+04   1.2069913e+02
   1.1200000e+04   1.1901478e+02
   1.1300000e+04   9.7700272e+01
   1.1400000e+04   9.7700272e+01
   1.1500000e+04   9.7700272e+01
   1.1600000e+04   9.7700272e+01
   1.1700000e+04   7.9569633e+01
   1.1800000e+04   7.4922736e+01
   1.1900000e+04   3.2915848e+01
   1.2000000e+04   3.2915848e+01
   1.2100000e+04   2.9913149e+01
   1.2200000e+04   2.9913149e+01
   1.2300000e+04   2.9913149e+01
   1.2400000e+04   2.9913149e+01
   1.2500000e+04   2.1033502e+01
   1.2600000e+04   2.1033502e+01
   1.2700000e+04   1.2619777e+01
   1.2800000e+04   1.2619777e+01
   1.2900000e+04   1.2619777e+01
   1.3000000e+04   1.2619777e+01
   1.3100000e+04   1.2619777e+01
   1.3200000e+04   1.1177198e+01
   1.3300000e+04   8.8061320e+00
   1.3400000e+04   4.6579456e+00
   1.3500000e+04   4.6579456e+00
   1.3600000e+04   4.6579456e+00
   1.3700000e+04   4.6579456e+00
   1.3800000e+04   4.1741336e+00
   1.3900000e+04   3.6788963e+00
   1.4000000e+04   3.6788963e+00
   1.4100000e+04   3.0687021e+00
   1.4200000e+04   2.2537947e+00
   1.4300000e+04   1.4290178e+00
   1.4400000e+04   1.4290178e+00
   1.4500000e+04   9.1270959e-01
   1.4600000e+04   9.1270959e-01
   1.4700000e+04   9.1270959e-01
   1.4800000e+04   9.1270959e-01
   1.4900000e+04   9.1270959e-01
   1.5000000e+04   7.8869621e-01
   1.5100000e+04   5.8956850e-01
   1.5200000e+04   5.8956850e-01
   1.5300000e+04   5.8956850e-01
   1.5400000e+04   4.4704476e-01
   1.5500000e+04   2.0853967e-01
   1.5600000e+04   1.7049992e-01
   1.5700000e+04   1.6150781e-01
   1.5800000e+04   1.6150781e-01
   1.5900000e+04   1.6150781e-01
   1.6000000e+04   1.6150781e-01
   1.6100000e+04   1.6150781e-01
   1.6200000e+04   1.6150781e-01
   1.6300000e+04   1.6150781e-01
   1.6400000e+04   1.2476231e-01
   1.6500000e+04   5.9630330e-02
   1.6600000e+04   5.9630330e-02
   1.6700000e+04   5.9630330e-02
   1.6800000e+04   5.9630330e-02
   1.6900000e+04   5.9630330e-02
   1.7000000e+04   5.9630330e-02
   1.7100000e+04   5.9630330e-02
   1.7200000e+04   5.7391084e-02
   1.7300000e+04   5.7391084e-02
   1.7400000e+04   5.7391084e-02
   1.7500000e+04   5.2961987e-02
   1.7600000e+04   4.1320247e-02
   1.7700000e+04   3.5013924e-02
   1.7800000e+04   3.5013924e-02
   1.7900000e+04   3.1493158e-02
   1.8000000e+04   2.6952155e-02
   1.8100000e+04   2.6952155e-02
   1.8200000e+04   2.6952155e-02
   1.8300000e+04   2.6848271e-02
   1.8400000e+04   2.6848271e-02
   1.8500000e+04   2.6848271e-02
   1.8600000e+04   2.0096829e-02
   1.8700000e+04   2.0096829e-02
   1.8800000e+04   1.8953580e-02
   1.8900000e+04   1.8953580e-02
   1.9000000e+04   1.8953580e-02
   1.9100000e+04   1.8953580e-02
   1.9200000e+04   1.6725585e-02
   1.9300000e+04   1.6364006e-02
   1.9400000e+04   1.6364006e-02
   1.9500000e+04   1.6134246e-02
   1.9600000e+04   1.4760587e-02
   1.9700000e+04   1.3774095e-02
   1.9800000e+04   1.3774095e-02
   1.9900000e+04   1.3474660e-02
   2.0000000e+04   1.2656546e-02
   2.0100000e+04   1.2656546e-02
   2.0200000e+04   1.2006977e-02
   2.0300000e+04   1.1088788e-02
   2.0400000e+04   1.1088788e-02
   2.0500000e+04   1.0452093e-02
   2.0600000e+04   8.5959332e-03
   2.0700000e+04   8.5959332e-03
   2.0800000e+04   7.9668056e-03
   2.0900000e+04   7.9668056e-03
   2.1000000e+04   7.9668056e-03
   2.1100000e+04   7.7714118e-03
   2.1200000e+04   6.6422405e-03
   2.1300000e+04   6.6422405e-03
   2.1400000e+04   6.6422405e-03
   2.1500000e+04   6.4741380e-03
   2.1600000e+04   6.4741380e-03
   2.1700000e+04   6.1410955e-03
   2.1800000e+04   5.7888280e-03
   2.1900000e+04   5.7888280e-03
   2.2000000e+04   5.7888280e-03
   2.2100000e+04   5.5031182e-03
   2.2200000e+04   5.4333860e-03
   2.2300000e+04   4.5562487e-03
   2.2400000e+04   4.5271223e-03
   2.2500000e+04   4.1564145e-03
   2.2600000e+04   4.0269861e-03
   2.2700000e+04   3.9205908e-03
   2.2800000e+04   3.9205908e-03
   2.2900000e+04   3.8243373e-03
   2.3000000e+04   3.7758918e-03
   2.3100000e+04   3.2295866e-03
   2.3200000e+04   3.2295866e-03
   2.3300000e+04   3.0897373e-03
   2.3400000e+04   2.8391781e-03
   2.3500000e+04   2.8391781e-03
   2.3600000e+04   2.6808877e-03
   2.3700000e+04   2.4986197e-03
   2.3800000e+04   2.4986197e-03
   2.3900000e+04   2.4474152e-03
   2.4000000e+04   2.3394161e-03
   2.4100000e+04   2.3394161e-03
   2.4200000e+04   2.1793737e-03
   2.4300000e+04   2.0071926e-03
   2.4400000e+04   1.9231042e-03
   2.4500000e+04   1.8513153e-03
   2.4600000e+04   1.8134935e-03
   2.4700000e+04   1.6984075e-03
   2.4800000e+04   1.6959068e-03
   2.4900000e+04   1.5367480e-03
   2.5000000e+04   1.4338327e-03
   2.5100000e+04   1.4338327e-03
   2.5200000e+04   1.4134672e-03
   2.5300000e+04   1.3483129e-03
   2.5400000e+04   1.3141415e-03
   2.5500000e+04   1.3015180e-03
   2.5600000e+04   1.2493401e-03
   2.5700000e+04   1.1727529e-03
   2.5800000e+04   1.1525465e-03
   2.5900000e+04   1.0855225e-03
   2.6000000e+04   1.0749724e-03
   2.6100000e+04   1.0749724e-03
   2.6200000e+04   1.0574855e-03
   2.6300000e+04   1.0043845e-03
   2.6400000e+04   9.4460162e-04
   2.6500000e+04   8.7144451e-04
   2.6600000e+04   8.4638227e-04
   2.6700000e+04   7.7221464e-04
   2.6800000e+04   7.0693818e-04
   2.6900000e+04   6.9288793e-04
   2.7000000e+04   6.6017578e-04
   2.7100000e+04   5.7960338e-04
   2.7200000e+04   5.6537361e-04
   2.7300000e+04   5.5151494e-04
   2.7400000e+04   5.3440086e-04
   2.7500000e+04   4.7309385e-04
   2.7600000e+04   3.5955895e-04
   2.7700000e+04   3.5955895e-04
   2.7800000e+04   3.4254006e-04
   2.7900000e+04   2.5285806e-04
   2.8000000e+04   2.4735894e-04
   2.8100000e+04   2.1467114e-04
   2.8200000e+04   2.0269210e-04
   2.8300000e+04   1.8873887e-04
   2.8400000e+04   1.7428029e-04
   2.8500000e+04   1.4138514e-04
   2.8600000e+04   1.4138514e-04
   2.8700000e+04   1.3987179e-04
   2.8800000e+04   1.3987179e-04
   2.8900000e+04   1.3164389e-04
   2.9000000e+04   1.1946025e-04
   2.9100000e+04   9.3888188e-05
   2.9200000e+04   8.9164318e-05
   2.9300000e+04   7.3903526e-05
   2.9400000e+04   7.3903526e-05
   2.9500000e+04   6.1150576e-05
   2.9600000e+04   5.1114073e-05
   2.9700000e+04   5.1114073e-05
   2.9800000e+04   3.9295069e-05
   2.9900000e+04   3.4403844e-05
   3.0000000e+04   3.3918451e-05
   3.0100000e+04   3.3918451e-05
   3.0200000e+04   3.3918451e-05
   3.0300000e+04   3.2971342e-05
   3.0400000e+04   3.1382981e-05
   3.0500000e+04   2.9323692e-05
   3.0600000e+04   2.6271959e-05
   3.0700000e+04   1.3555768e-05
   3.0800000e+04   1.3555768e-05
   3.0900000e+04   1.3555768e-05
   3.1000000e+04   1.1089848e-05
   3.1100000e+04   9.7034360e-06
   3.1200000e+04   8.0112086e-06
   3.1300000e+04   7.9890720e-06
   3.1400000e+04   5.7945643e-06
   3.1500000e+04   5.7945643e-06
   3.1600000e+04   5.7945643e-06
   3.1700000e+04   4.3735232e-06
   3.1800000e+04   4.1702712e-06
   3.1900000e+04   3.7844676e-06
   3.2000000e+04   3.2358293e-06
   3.2100000e+04   3.2358293e-06
   3.2200000e+04   2.8753960e-06
   3.2300000e+04   2.4534176e-06
   3.2400000e+04   2.4534176e-06
   3.2500000e+04   1.7908416e-06
   3.2600000e+04   1.7908416e-06
   3.2700000e+04   1.7908416e-06
   3.2800000e+04   1.7255759e-06
   3.2900000e+04   1.7255759e-06
   3.3000000e+04   7.9258373e-07
   3.3100000e+04   7.9258373e-07
   3.3200000e+04   7.9258373e-07
   3.3300000e+04   7.9258373e-07
   3.3400000e+04   7.9258373e-07
   3.3500000e+04   7.3659762e-07
   3.3600000e+04   6.6306638e-07
   3.3700000e+04   6.6306638e-07
   3.3800000e+04   6.6306638e-07
   3.3900000e+04   5.1240162e-07
   3.4000000e+04   5.1240162e-07
   3.4100000e+04   4.3377975e-07
   3.4200000e+04   4.3377975e-07
   3.4300000e+04   3.3317042e-07
   3.4400000e+04   2.7117189e-07
   3.4500000e+04   1.8982273e-07
   3.4600000e+04   1.8982273e-07
   3.4700000e+04   1.8982273e-07
   3.4800000e+04   1.8982273e-07
   3.4900000e+04   1.8982273e-07
   3.5000000e+04   1.8982273e-07
   3.5100000e+04   1.8982273e-07
   3.5200000e+04   1.7036132e-07
   3.5300000e+04   1.7036132e-07
   3.5400000e+04   1.7036132e-07
   3.5500000e+04   1.5320283e-07
   3.5600000e+04   1.3108586e-07
   3.5700000e+04   3.0353264e-08
   3.5800000e+04   3.0353264e-08
   3.5900000e+04   3.0353264e-08
   3.6000000e+04   3.0353264e-08
   3.6100000e+04   3.0353264e-08
   3.6200000e+04   3.0353264e-08
   3.6300000e+04   3.0353264e-08
   3.6400000e+04   3.0353264e-08
   3.6500000e+04   3.0353264e-08
   3.6600000e+04   3.0353264e-08
   3.6700000e+04   3.0353264e-08
   3.6800000e+04   3.0353264e-08
   3.6900000e+04   3.0353264e-08
   3.7000000e+04   2.9645154e-08
   3.7100000e+04   2.9645154e-08
   3.7200000e+04   2.5225587e-08
   3.7300000e+04   1.2649566e-08
   3.7400000e+04   1.0605905e-08
   3.7500000e+04   1.0605905e-08
   3.7600000e+04   1.0605905e-08
   3.7700000e+04   1.0605905e-08
   3.7800000e+04   6.9508866e-09
   3.7900000e+04   6.9508866e-09
   3.8000000e+04   6.7593223e-09
   3.8100000e+04   6.7593223e-09
   3.8200000e+04   4.6218821e-09
   3.8300000e+04   4.6218821e-09
   3.8400000e+04   4.6218821e-09
   3.8500000e+04   4.6218821e-09
   3.8600000e+04   4.6218821e-09
   3.8700000e+04   3.7397870e-09
   3.8800000e+04   3.7397870e-09
   3.8900000e+04   3.7022398e-09
   3.9000000e+04   3.7022398e-09
   3.9100000e+04   3.7022398e-09
   3.9200000e+04   3.4340122e-09
   3.9300000e+04   2.4927001e-09
   3.9400000e+04   1.6510774e-09
   3.9500000e+04   1.6510774e-09
   3.9600000e+04   1.5488896e-09
   3.9700000e+04   1.0146339e-09
   3.9800000e+04   7.3058925e-10
   3.9900000e+04   7.3058925e-10
   4.0000000e+04   7.3058925e-10
   4.0100000e+04   6.1804195e-10
   4.0200000e+04   6.1804195e-10
   4.0300000e+04   5.9439161e-10
   4.0400000e+04   5.9439161e-10
   4.0500000e+04   5.9439161e-10
   4.0600000e+04   5.7027597e-10
   4.0700000e+04   4.0710462e-10
   4.0800000e+04   4.0710462e-10
   4.0900000e+04   4.0710462e-10
   4.1000000e+04   4.0710462e-10
   4.1100000e+04   2.5367457e-10
   4.1200000e+04   2.5367457e-10
   4.1300000e+04   2.5367457e-10
   4.1400000e+04   2.5367457e-10
   4.1500000e+04   1.1826177e-10
   4.1600000e+04   1.1826177e-10
   4.1700000e+04   1.1826177e-10
   4.1800000e+04   1.1826177e-10
   4.1900000e+04   1.1826177e-10
   4.2000000e+04   7.8215782e-11
   4.2100000e+04   7.0758319e-11
   4.2200000e+04   7.0758319e-11
   4.2300000e+04   7.0758319e-11
   4.2400000e+04   7.0758319e-11
   4.2500000e+04   7.0758319e-11
   4.2600000e+04   6.8499694e-11
   4.2700000e+04   5.6851671e-11
   4.2800000e+04   3.8038320e-11
   4.2900000e+04   3.8038320e-11
   4.3000000e+04   3.8038320e-11
   4.3100000e+04   3.8038320e-11
   4.3200000e+04   3.0460816e-11
   4.3300000e+04   3.0460816e-11
   4.3400000e+04   2.4356401e-11
   4.3500000e+04   2.4356401e-11
   4.3600000e+04   2.4356401e-11
   4.3700000e+04   1.3479261e-11
   4.3800000e+04   1.1286118e-11
   4.3900000e+04   1.1286118e-11
   4.4000000e+04   1.1286118e-11
   4.4100000e+04   1.1286118e-11
   4.4200000e+04   1.1286118e-11
   4.4300000e+04   1.1286118e-11
   4.4400000e+04   9.9492906e-12
   4.4500000e+04   9.9492906e-12
   4.4600000e+04   8.7834144e-12
   4.4700000e+04   7.8484555e-12
   4.4800000e+04   7.5463293e-12
   4.4900000e+04   7.5463293e-12
   4.5000000e+04   5.7284338e-12
   4.5100000e+04   5.7284338e-12
   4.5200000e+04   5.7284338e-12
   4.5300000e+04   5.2139577e-12
   4.5400000e+04   5.2139577e-12
   4.5500000e+04   4.2265211e-12
   4.5600000e+04   4.2265211e-12
   4.5700000e+04   4.2265211e-12
   4.5800000e+04   4.1058194e-12
   4.5900000e+04   4.0810323e-12
   4.6000000e+04   3.9821894e-12
   4.6100000e+04   3.9821894e-12
   4.6200000e+04   2.5117231e-12
   4.6300000e+04   2.5117231e-12
   4.6400000e+04   2.2876138e-12
   4.6500000e+04   1.6740572e-12
   4.6600000e+04   1.6185191e-12
   4.6700000e+04   1.5197599e-12
   4.6800000e+04   1.3687426e-12
   4.6900000e+04   1.3687426e-12
   4.7000000e+04   1.2029432e-12
   4.7100000e+04   1.2029432e-12
   4.7200000e+04   1.2029432e-12
   4.7300000e+04   9.1916222e-13
   4.7400000e+04   9.1916222e-13
   4.7500000e+04   8.6321087e-13
   4.7600000e+04   6.0667610e-13
   4.7700000e+04   6.0667610e-13
   4.7800000e+04   6.0667610e-13
   4.7900000e+04   5.0872631e-13
   4.8000000e+04   3.8658632e-13
   4.8100000e+04   3.5591205e-13
   4.8200000e+04   3.5591205e-13
   4.8300000e+04   2.7858638e-13
   4.8400000e+04   2.7318297e-13
   4.8500000e+04   1.2624376e-13
   4.8600000e+04   1.2624376e-13
   4.8700000e+04   1.2624376e-13
   4.8800000e+04   1.2624376e-13
   4.8900000e+04   1.2624376e-13
   4.9000000e+04   1.2624376e-13
   4.9100000e+04   1.2624376e-13
   4.9200000e+04   1.0384231e-13
   4.9300000e+04   9.1718557e-14
   4.9400000e+04   8.0191316e-14
   4.9500000e+04   8.0191316e-14
   4.9600000e+04   8.0191316e-14
   4.9700000e+04   7.2605476e-14
   4.9800000e+04   5.5603266e-14
   4.9900000e+04   2.9717206e-14
   5.0000000e+04   2.9717206e-14
   5.0100000e+04   2.9717206e-14
   5.0200000e+04   1.7969783e-14
   5.0300000e+04   1.7969783e-14
   5.0400000e+04   1.7969783e-14
   5.0500000e+04   1.7969783e-14
   5.0600000e+04   1.7969783e-14
   5.0700000e+04   1.7758806e-14
   5.0800000e+04   1.7758806e-14
   5.0900000e+04   1.1630755e-14
   5.1000000e+04   1.0866736e-14
   5.1100000e+04   1.0866736e-14
   5.1200000e+04   1.0866736e-14
   5.1300000e+04   8.2385806e-15
   5.1400000e+04   5.5041776e-15
   5.1500000e+04   5.5041776e-15
   5.1600000e+04   5.5041776e-15
   5.1700000e+04   5.5041776e-15
   5.1800000e+04   5.5041776e-15
   5.1900000e+04   5.5041776e-15
   5.2000000e+04   5.3533764e-15
   5.2100000e+04   5.3533764e-15
   5.2200000e+04   3.3870970e-15
   5.2300000e+04   3.3870970e-15
   5.2400000e+04   3.3870970e-15
   5.2500000e+04   3.3870970e-15
   5.2600000e+04   2.4920144e-15
   5.2700000e+04   2.4920144e-15
   5.2800000e+04   2.1349541e-15
   5.2900000e+04   2.1349541e-15
   5.3000000e+04   2.1349541e-15
   5.3100000e+04   1.9815531e-15
   5.3200000e+04   1.5256623e-15
   5.3300000e+04   1.5256623e-15
   5.3400000e+04   1.1737413e-15
   5.3500000e+04   1.1737413e-15
   5.3600000e+04   1.1737413e-15
   5.3700000e+04   9.2742735e-16
   5.3800000e+04   9.2742735e-16
   5.3900000e+04   5.4635365e-16
   5.4000000e+04   5.4635365e-16
   5.4100000e+04   5.2144063e-16
   5.4200000e+04   5.2144063e-16
   5.4300000e+04   5.2144063e-16
   5.4400000e+04   4.8556643e-16
   5.4500000e+04   3.5147920e-16
   5.4600000e+04   3.3039874e-16
   5.4700000e+04   3.3039874e-16
   5.4800000e+04   3.3039874e-16
   5.4900000e+04   2.2097520e-16
   5.5000000e+04   2.2097520e-16
   5.5100000e+04   2.2097520e-16
   5.5200000e+04   2.2097520e-16
   5.5300000e+04   2.2097520e-16
   5.5400000e+04   1.3640033e-16
   5.5500000e+04   1.0830526e-16
   5.5600000e+04   1.0830526e-16
   5.5700000e+04   1.0830526e-16
   5.5800000e+04   1.0830526e-16
   5.5900000e+04   1.0830526e-16
   5.6000000e+04   1.0830526e-16
   5.6100000e+04   1.0830526e-16
   5.6200000e+04   1.0477838e-16
   5.6300000e+04   7.9399386e-17
   5.6400000e+04   7.9399386e-17
   5.6500000e+04   7.0703966e-17
   5.6600000e+04   4.4388232e-17
   5.6700000e+04   4.4388232e-17
   5.6800000e+04   4.4388232e-17
   5.6900000e+04   4.4388232e-17
   5.7000000e+04   4.3718032e-17
   5.7100000e+04   2.5694199e-17
   5.7200000e+04   2.5694199e-17
   5.7300000e+04   2.5694199e-17
   5.7400000e+04   1.4717242e-17
   5.7500000e+04   1.4717242e-17
   5.7600000e+04   1.4717242e-17
   5.7700000e+04   1.4717242e-17
   5.7800000e+04   1.4717242e-17
   5.7900000e+04   1.4717242e-17
   5.8000000e+04   1.4717242e-17
   5.8100000e+04   1.1830388e-17
   5.8200000e+04   1.1053538e-17
   5.8300000e+04   9.3331701e-18
   5.8400000e+04   9.3331701e-18
   5.8500000e+04   7.6294098e-18
   5.8600000e+04   7.5528819e-18
   5.8700000e+04   7.5528819e-18
   5.8800000e+04   6.7652721e-18
   5.8900000e+04   5.3486536e-18
   5.9000000e+04   4.3430966e-18
   5.9100000e+04   3.4077686e-18
   5.9200000e+04   2.6487748e-18
   5.9300000e+04   2.6487748e-18
   5.9400000e+04   2.6487748e-18
   5.9500000e+04   2.6487748e-18
   5.9600000e+04   2.6487748e-18
   5.9700000e+04   2.0737463e-18
   5.9800000e+04   8.5113007e-19
   5.9900000e+04   8.5113007e-19
   6.0000000e+04   8.5113007e-19
   6.0100000e+04   8.5113007e-19
   6.0200000e+04   8.5113007e-19
   6.0300000e+04   7.7472364e-19
   6.0400000e+04   7.7472364e-19
   6.0500000e+04   7.7472364e-19
   6.0600000e+04   7.7472364e-19
   6.0700000e+04   7.1699885e-19
   6.0800000e+04   7.1699885e-19
   6.0900000e+04   6.1794360e-19
   6.1000000e+04   4.3669259e-19
   6.1100000e+04   1.8970789e-19
   6.1200000e+04   1.8970789e-19
   6.1300000e+04   1.8970789e-19
   6.1400000e+04   1.2940454e-19
   6.1500000e+04   1.2940454e-19
   6.1600000e+04   1.2940454e-19
   6.1700000e+04   1.2940454e-19
   6.1800000e+04   1.2940454e-19
   6.1900000e+04   1.2940454e-19
   6.2000000e+04   1.2678215e-19
   6.2100000e+04   1.1451421e-19
   6.2200000e+04   6.5835441e-20
   6.2300000e+04   6.5835441e-20
   6.2400000e+04   6.5835441e-20
   6.2500000e+04   6.5835441e-20
   6.2600000e+04   6.5835441e-20
   6.2700000e+04   6.5835441e-20
   6.2800000e+04   6.5835441e-20
   6.2900000e+04   6.2685695e-20
   6.3000000e+04   4.8690444e-20
   6.3100000e+04   4.6147813e-20
   6.3200000e+04   4.6147813e-20
   6.3300000e+04   3.7022574e-20
   6.3400000e+04   3.7022574e-20
   6.3500000e+04   3.2132401e-20
   6.3600000e+04   3.2132401e-20
   6.3700000e+04   3.2132401e-20
   6.3800000e+04   2.6361118e-20
   6.3900000e+04   2.6361118e-20
   6.4000000e+04   2.6361118e-20
   6.4100000e+04   1.4935753e-20
   6.4200000e+04   1.2632601e-20
   6.4300000e+04   1.2365032e-20
   6.4400000e+04   1.2365032e-20
   6.4500000e+04   1.2329480e-20
   6.4600000e+04   1.2329480e-20
   6.4700000e+04   1.0857664e-20
   6.4800000e+04   1.0857664e-20
   6.4900000e+04   7.3077166e-21
   6.5000000e+04   7.3077166e-21
   6.5100000e+04   7.3077166e-21
   6.5200000e+04   7.3077166e-21
   6.5300000e+04   7.3077166e-21
   6.5400000e+04   6.6090738e-21
   6.5500000e+04   6.5243978e-21
   6.5600000e+04   5.6210858e-21
   6.5700000e+04   5.6210858e-21
   6.5800000e+04   5.1505431e-21
   6.5900000e+04   4.1099685e-21
   6.6000000e+04   4.1099685e-21
   6.6100000e+04   4.1099685e-21
   6.6200000e+04   4.1099685e-21
   6.6300000e+04   3.5120542e-21
   6.6400000e+04   2.7798944e-21
   6.6500000e+04   2.7798944e-21
   6.6600000e+04   2.7798944e-21
   6.6700000e+04   2.6407681e-21
   6.6800000e+04   2.3600729e-21
   6.6900000e+04   2.3600729e-21
   6.7000000e+04   2.0906613e-21
   6.7100000e+04   1.5209300e-21
   6.7200000e+04   1.5209300e-21
   6.7300000e+04   1.5209300e-21
   6.7400000e+04   1.5209300e-21
   6.7500000e+04   1.4461771e-21
   6.7600000e+04   1.4461771e-21
   6.7700000e+04   1.4461771e-21
   6.7800000e+04   1.1237856e-21
   6.7900000e+04   1.0189860e-21
   6.8000000e+04   8.6514358e-22
   6.8100000e+04   7.3410235e-22
   6.8200000e+04   6.8530486e-22
   6.8300000e+04   6.4111137e-22
   6.8400000e+04   5.2482616e-22
   6.8500000e+04   3.7713039e-22
   6.8600000e+04   3.2168795e-22
   6.8700000e+04   3.2168795e-22
   6.8800000e+04   3.2168795e-22
   6.8900000e+04   3.1666976e-22
   6.9000000e+04   3.1666976e-22
   6.9100000e+04   2.9426531e-22
   6.9200000e+04   2.4596086e-22
   6.9300000e+04   1.8327769e-22
   6.9400000e+04   1.8327769e-22
   6.9500000e+04   1.8327769e-22
   6.9600000e+04   1.8327769e-22
   6.9700000e+04   1.8327769e-22
   6.9800000e+04   1.5806992e-22
   6.9900000e+04   1.5806992e-22
   7.0000000e+04   1.2773983e-22
   7.0100000e+04   1.2061883e-22
   7.0200000e+04   6.5892706e-23
   7.0300000e+04   6.5892706e-23
   7.0400000e+04   6.5892706e-23
   7.0500000e+04   5.8368096e-23
   7.0600000e+04   4.9731369e-23
   7.0700000e+04   2.8977272e-23
   7.0800000e+04   2.8977272e-23
   7.0900000e+04   2.8977272e-23
   7.1000000e+04   2.8977272e-23
   7.1100000e+04   2.8294863e-23
   7.1200000e+04   1.7952997e-23
   7.1300000e+04   1.7952997e-23
   7.1400000e+04   1.7952997e-23
   7.1500000e+04   1.7064488e-23
   7.1600000e+04   1.7064488e-23
   7.1700000e+04   1.6546137e-23
   7.1800000e+04   1.5708871e-23
   7.1900000e+04   1.3377945e-23
   7.2000000e+04   1.0901351e-23
   7.2100000e+04   1.0840097e-23
   7.2200000e+04   1.0382773e-23
   7.2300000e+04   1.0382773e-23
   7.2400000e+04   7.4147876e-24
   7.2500000e+04   5.7476027e-24
   7.2600000e+04   5.7476027e-24
   7.2700000e+04   5.7476027e-24
   7.2800000e+04   5.7476027e-24
   7.2900000e+04   5.7476027e-24
   7.3000000e+04   5.5106415e-24
   7.3100000e+04   3.8227568e-24
   7.3200000e+04   3.4242874e-24
   7.3300000e+04   2.8489996e-24
   7.3400000e+04   2.8489996e-24
   7.3500000e+04   2.3517774e-24
   7.3600000e+04   2.3282756e-24
   7.3700000e+04   1.8148976e-24
   7.3800000e+04   1.8148976e-24
   7.3900000e+04   1.6960383e-24
   7.4000000e+04   1.3226231e-24
   7.4100000e+04   9.1750203e-25
   7.4200000e+04   9.1750203e-25
   7.4300000e+04   9.1750203e-25
   7.4400000e+04   9.1750203e-25
   7.4500000e+04   7.5933857e-25
   7.4600000e+04   6.7449501e-25
   7.4700000e+04   6.7449501e-25
   7.4800000e+04   6.7449501e-25
   7.4900000e+04   5.8316385e-25
   7.5000000e+04   2.8840755e-25
   7.5100000e+04   2.8840755e-25
   7.5200000e+04   2.8840755e-25
   7.5300000e+04   2.8840755e-25
   7.5400000e+04   2.8840755e-25
   7.5500000e+04   2.8840755e-25
   7.5600000e+04   8.3947422e-26
   7.5700000e+04   8.3947422e-26
   7.5800000e+04   8.3947422e-26
   7.5900000e+04   8.3947422e-26
   7.6000000e+04   8.3947422e-26
   7.6100000e+04   4.7079219e-26
   7.6200000e+04   4.7079219e-26
   7.6300000e+04   4.7079219e-26
   7.6400000e+04   4.7079219e-26
   7.6500000e+04   4.7079219e-26
   7.6600000e+04   4.7079219e-26
   7.6700000e+04   2.3110469e-26
   7.6800000e+04   2.3110469e-26
   7.6900000e+04   2.3110469e-26
   7.7000000e+04   2.3110469e-26
   7.7100000e+04   2.3110469e-26
   7.7200000e+04   2.3110469e-26
   7.7300000e+04   2.3110469e-26
   7.7400000e+04   2.3110469e-26
   7.7500000e+04   2.1507504e-26
   7.7600000e+04   1.7670484e-26
   7.7700000e+04   1.7670484e-26
   7.7800000e+04   1.7670484e-26
   7.7900000e+04   1.7670484e-26
   7.8000000e+04   1.7670484e-26
   7.8100000e+04   4.9351138e-27
   7.8200000e+04   4.9351138e-27
   7.8300000e+04   4.9351138e-27
   7.8400000e+04   4.9351138e-27
   7.8500000e+04   4.9351138e-27
   7.8600000e+04   4.9351138e-27
   7.8700000e+04   4.9351138e-27
   7.8800000e+04   4.9351138e-27
   7.8900000e+04   4.9351138e-27
   7.9000000e+04   4.9351138e-27
   7.9100000e+04   4.2535380e-27
   7.9200000e+04   3.8622630e-27
   7.9300000e+04   3.8622630e-27
   7.9400000e+04   3.4709880e-27
   7.9500000e+04   3.4709880e-27
   7.9600000e+04   3.4709880e-27
   7.9700000e+04   3.4709880e-27
   7.9800000e+04   3.1680654e-27
   7.9900000e+04   3.1554436e-27
   8.0000000e+04   2.1330799e-27
   8.0100000e+04   1.8806444e-27
   8.0200000e+04   1.8806444e-27
   8.0300000e+04   1.8806444e-27
   8.0400000e+04   1.3379081e-27
   8.0500000e+04   1.3379081e-27
   8.0600000e+04   1.3379081e-27
   8.0700000e+04   1.3126645e-27
   8.0800000e+04   1.3126645e-27
   8.0900000e+04   1.1359597e-27
   8.1000000e+04   1.1359597e-27
   8.1100000e+04   1.1359597e-27
   8.1200000e+04   8.5828066e-28
   8.1300000e+04   8.5828066e-28
   8.1400000e+04   8.5828066e-28
   8.1500000e+04   8.5828066e-28
   8.1600000e+04   8.5828066e-28
   8.1700000e+04   8.5828066e-28
   8.1800000e+04   8.5828066e-28
   8.1900000e+04   8.5828066e-28
   8.2000000e+04   8.5828066e-28
   8.2100000e+04   8.5828066e-28
   8.2200000e+04   8.5828066e-28
   8.2300000e+04   8.5828066e-28
   8.2400000e+04   7.0681937e-28
   8.2500000e+04   7.0681937e-28
   8.2600000e+04   7.0681937e-28
   8.2700000e+04   5.8060163e-28
   8.2800000e+04   5.8060163e-28
   8.2900000e+04   5.8060163e-28
   8.3000000e+04   5.8060163e-28
   8.3100000e+04   5.8060163e-28
   8.3200000e+04   3.9127501e-28
   8.3300000e+04   3.9127501e-28
   8.3400000e+04   3.9127501e-28
   8.3500000e+04   3.5340969e-28
   8.3600000e+04   3.5340969e-28
   8.3700000e+04   3.5340969e-28
   8.3800000e+04   3.5340969e-28
   8.3900000e+04   3.5340969e-28
   8.4000000e+04   3.5340969e-28
   8.4100000e+04   3.5340969e-28
   8.4200000e+04   3.5340969e-28
   8.4300000e+04   3.5340969e-28
   8.4400000e+04   3.5340969e-28
   8.4500000e+04   3.5340969e-28
   8.4600000e+04   3.5340969e-28
   8.4700000e+04   3.5340969e-28
   8.4800000e+04   3.5340969e-28
   8.4900000e+04   3.1554436e-28
   8.5000000e+04   3.1554436e-28
   8.5100000e+04   3.1554436e-28
   8.5200000e+04   3.1554436e-28
   8.5300000e+04   3.1554436e-28
   8.5400000e+04   3.1554436e-28
   8.5500000e+04   3.1554436e-28
   8.5600000e+04   3.1554436e-28
   8.5700000e+04   3.1554436e-28
   8.5800000e+04   3.1554436e-28
   8.5900000e+04   3.1554436e-28
   8.6000000e+04   3.1554436e-28
   8.6100000e+04   3.1554436e-28
   8.6200000e+04   3.1554436e-28
   8.6300000e+04   3.1554436e-28
   8.6400000e+04   3.1554436e-28
   8.6500000e+04   3.1554436e-28
   8.6600000e+04   3.1554436e-28
   8.6700000e+04   3.1554436e-28
   8.6800000e+04   3.1554436e-28
   8.6900000e+04   2.3981372e-28
   8.7000000e+04   2.3981372e-28
   8.7100000e+04   2.3981372e-28
   8.7200000e+04   2.3981372e-28
   8.7300000e+04   2.3981372e-28
   8.7400000e+04   2.3981372e-28
   8.7500000e+04   2.3981372e-28
   8.7600000e+04   2.3981372e-28
   8.7700000e+04   2.3981372e-28
   8.7800000e+04   2.3981372e-28
   8.7900000e+04   2.3981372e-28
   8.8000000e+04   8.8352421e-29
   8.8100000e+04   8.8352421e-29
   8.8200000e+04   8.8352421e-29
   8.8300000e+04   8.8352421e-29
   8.8400000e+04   8.8352421e-29
   8.8500000e+04   8.8352421e-29
   8.8600000e+04   8.8352421e-29
   8.8700000e+04   8.8352421e-29
   8.8800000e+04   8.8352421e-29
   8.8900000e+04   8.8352421e-29
   8.9000000e+04   8.8352421e-29
   8.9100000e+04   8.8352421e-29
   8.9200000e+04   8.8352421e-29
   8.9300000e+04   8.8352421e-29
   8.9400000e+04   8.8352421e-29
   8.9500000e+04   8.8352421e-29
   8.9600000e+04   8.8352421e-29
   8.9700000e+04   8.8352421e-29
   8.9800000e+04   8.8352421e-29
   8.9900000e+04   8.8352421e-29
   9.0000000e+04   8.8352421e-29
   9.0100000e+04   8.8352421e-29
   9.0200000e+04   8.8352421e-29
   9.0300000e+04   8.8352421e-29
   9.0400000e+04   8.8352421e-29
   9.0500000e+04   8.8352421e-29
   9.0600000e+04   8.8352421e-29
   9.0700000e+04   8.8352421e-29
   9.0800000e+04   8.8352421e-29
   9.0900000e+04   8.8352421e-29
   9.1000000e+04   8.8352421e-29
   9.1100000e+04   8.8352421e-29
   9.1200000e+04   8.8352421e-29
   9.1300000e+04   8.8352421e-29
   9.1400000e+04   8.8352421e-29
   9.1500000e+04   8.8352421e-29
   9.1600000e+04   8.8352421e-29
   9.1700000e+04   8.8352421e-29
   9.1800000e+04   8.8352421e-29
   9.1900000e+04   8.8352421e-29
   9.2000000e+04   8.8352421e-29
   9.2100000e+04   8.8352421e-29
   9.2200000e+04   8.8352421e-29
   9.2300000e+04   8.8352421e-29
   9.2400000e+04   8.8352421e-29
   9.2500000e+04   8.8352421e-29
   9.2600000e+04   8.8352421e-29
   9.2700000e+04   8.8352421e-29
   9.2800000e+04   8.8352421e-29
   9.2900000e+04   8.8352421e-29
   9.3000000e+04   8.8352421e-29
   9.3100000e+04   8.8352421e-29
   9.3200000e+04   8.8352421e-29
   9.3300000e+04   8.8352421e-29
   9.3400000e+04   8.8352421e-29
   9.3500000e+04   8.8352421e-29
   9.3600000e+04   8.8352421e-29
   9.3700000e+04   8.8352421e-29
   9.3800000e+04   8.8352421e-29
   9.3900000e+04   8.8352421e-29
   9.4000000e+04   8.8352421e-29
   9.4100000e+04   8.8352421e-29
   9.4200000e+04   8.8352421e-29
   9.4300000e+04   8.8352421e-29
   9.4400000e+04   8.8352421e-29
   9.4500000e+04   8.8352421e-29
   9.4600000e+04   8.8352421e-29
   9.4700000e+04   8.8352421e-29
   9.4800000e+04   8.8352421e-29
   9.4900000e+04   8.8352421e-29
   9.5000000e+04   8.8352421e-29
   9.5100000e+04   8.8352421e-29
   9.5200000e+04   8.8352421e-29
   9.5300000e+04   8.8352421e-29
   9.5400000e+04   8.8352421e-29
   9.5500000e+04   8.8352421e-29
   9.5600000e+04   8.8352421e-29
   9.5700000e+04   8.8352421e-29
   9.5800000e+04   8.8352421e-29
   9.5900000e+04   8.8352421e-29
   9.6000000e+04   8.8352421e-29
   9.6100000e+04   8.8352421e-29
   9.6200000e+04   8.8352421e-29
   9.6300000e+04   8.8352421e-29
   9.6400000e+04   8.8352421e-29
   9.6500000e+04   8.8352421e-29
   9.6600000e+04   8.8352421e-29
   9.6700000e+04   8.8352421e-29
   9.6800000e+04   8.8352421e-29
   9.6900000e+04   8.8352421e-29
   9.7000000e+04   8.8352421e-29
   9.7100000e+04   8.8352421e-29
   9.7200000e+04   8.8352421e-29
   9.7300000e+04   8.8352421e-29
   9.7400000e+04   8.8352421e-29
   9.7500000e+04   8.8352421e-29
   9.7600000e+04   8.8352421e-29
   9.7700000e+04   8.8352421e-29
   9.7800000e+04   8.8352421e-29
   9.7900000e+04   8.8352421e-29
   9.8000000e+04   8.8352421e-29
   9.8100000e+04   8.8352421e-29
   9.8200000e+04   8.8352421e-29
   9.8300000e+04   8.8352421e-29
   9.8400000e+04   8.8352421e-29
   9.8500000e+04   8.8352421e-29
   9.8600000e+04   8.8352421e-29
   9.8700000e+04   8.8352421e-29
   9.8800000e+04   8.8352421e-29
   9.8900000e+04   8.8352421e-29
   9.9000000e+04   8.8352421e-29
   9.9100000e+04   8.8352421e-29
   9.9200000e+04   8.8352421e-29
   9.9300000e+04   8.8352421e-29
   9.9400000e+04   8.8352421e-29
   9.9500000e+04   8.8352421e-29
   9.9600000e+04   8.8352421e-29
   9.9700000e+04   8.8352421e-29
   9.9800000e+04   8.8352421e-29
   9.9900000e+04   8.8352421e-29
   1.0000000e+05   8.8352421e-29
   1.0000000e+05   8.8352421e-29
