   1.0000000e-01   2.0000000e-01   1.0000000e-01   3.0000000e-01   2.0000000e-01   1.0000000e-01   4.0000000e-01   3.0000000e-01   2.5000000e-01   2.0000000e-01   1.0000000e-01   5.0000000e-01   4.0000000e-01   3.0000000e-01   2.0000000e-01   1.0000000e-01
   1.0000000e-01   1.0000000e-01   2.0000000e-01   1.0000000e-01   2.0000000e-01   3.0000000e-01   1.0000000e-01   2.0000000e-01   2.5000000e-01   3.0000000e-01   4.0000000e-01   1.0000000e-01   2.0000000e-01   3.0000000e-01   4.0000000e-01   5.0000000e-01
   8.0000000e-01   7.0000000e-01   7.0000000e-01   6.0000000e-01   6.0000000e-01   6.0000000e-01   5.0000000e-01   5.0000000e-01   5.0000000e-01   5.0000000e-01   5.0000000e-01   4.0000000e-01   4.0000000e-01   4.0000000e-01   4.0000000e-01   4.0000000e-01
   3.9127501e-28   1.2621774e-28   1.0895069e-05   5.1548512e-16   1.5988542e-06   6.8698899e-16   5.1786005e-24   4.6700566e-28   7.4097263e-24   8.8352421e-29   3.0995767e-05   4.0776192e-20   2.3318301e-06   1.7670484e-28   8.0814814e-08   3.3092778e-24
   1.0000000e+05   1.0000000e+05   1.0000000e+05   1.0000000e+05   1.0000000e+05   1.0000000e+05   1.0000000e+05   1.0000000e+05   1.0000000e+05   1.0000000e+05   1.0000000e+05   1.0000000e+05   1.0000000e+05   1.0000000e+05   1.0000000e+05   1.0000000e+05
   1.2509888e+02   1.3165421e+01   4.3750000e+02   5.0341271e+01   4.3750000e+02   1.3165421e+01   4.3750000e+02   4.3750000e+02   3.5000000e+02   6.2500000e+01   5.0341271e+01   4.3750000e+02   5.1328821e+01   5.0000000e+01   4.3750000e+02   5.0011451e+01
   8.3307177e+00   9.0057218e-01   2.5064341e+01   2.3795519e+00   1.9363675e+01   1.0974974e+00   9.9095122e+00   2.6773296e+01   2.2061946e+01   2.8596392e+00   2.3287086e+00   1.1133517e+01   3.7549611e+00   3.3497337e+00   1.7526794e+01   3.3861740e+00
   2.6201852e+01   3.0989054e+00   8.8771166e+01   7.8736719e+00   7.8436730e+01   3.4544862e+00   6.1803492e+01   9.1332951e+01   6.2641316e+01   9.5524237e+00   7.9104442e+00   6.2026110e+01   1.2188988e+01   1.0661038e+01   7.8443620e+01   1.0323165e+01
   2.4836075e+01   5.3819222e+01   5.9990134e+01   2.9986241e+01   3.9678744e+01   2.6798566e+01   3.1903640e+01   2.7117518e+01   3.6663429e+01   1.4201369e+01   5.9871560e+01   2.2952088e+01   4.9267118e+01   2.7025900e+01   1.7946774e+01   1.7180275e+01
   7.0254235e+00   1.0151379e+01   9.0469478e+00   8.8527129e+00   1.1043626e+01   1.3058193e+01   1.4177637e+01   8.0864721e+00   9.2303679e+00   8.0143127e+00   1.1268517e+01   6.5882229e+00   1.0617582e+01   1.0054969e+01   4.3122930e+00   8.2263098e+00
   2.3830941e+01   3.3044744e+01   4.2071536e+01   2.4254956e+01   3.3750908e+01   3.0955844e+01   3.8498459e+01   3.0595952e+01   2.2319996e+01   1.6309922e+01   3.8873302e+01   2.6439382e+01   3.0268652e+01   3.0260301e+01   2.0637774e+01   2.0881485e+01
   2.4291336e+01   3.0925862e+01   3.0560764e+01   3.7460255e+01   5.1656635e+01   2.0100519e+01   2.0778983e+01   1.5464134e+01   4.2520857e+01   1.2253871e+01   3.2295882e+01   2.1809868e+01   5.9842261e+01   1.8214837e+01   1.2222502e+01   1.2088439e+01
   3.9873429e+01   2.1955928e+01   2.7901291e+01   3.5107097e+01   4.8928319e+01   4.3908515e+01   5.7423517e+01   5.5288227e+01   2.9339283e+01   2.7797721e+01   2.4443916e+01   5.7394819e+01   3.9252095e+01   4.7314415e+01   5.5484891e+01   3.7799731e+01
   1.6731031e+01   3.3985179e+01   5.1474380e+01   4.1357288e+00   3.6625348e+00   2.1205064e+01   3.0808235e+01   3.9501580e+01   5.4051762e+00   1.1305412e+01   4.4809713e+01   1.8957001e+01   4.2614660e+00   2.8561374e+01   2.8761501e+01   1.7900803e+01
  -1.4892824e+01   4.2579861e+01   5.9999655e+01  -5.6369319e+00  -1.6597876e+01  -1.4293538e+01  -2.8922891e+01  -3.8544782e+01   4.0154499e-01  -2.3095310e+00   5.1854439e+01  -3.3086389e+01  -6.7350053e+00  -2.3684977e+01  -3.7800797e+01  -1.3404186e+01
   5.5070581e+01  -2.4873838e-01  -9.3328501e+00   5.2080728e+01   5.9858184e+01   5.4950423e+01   5.9999888e+01   5.8388173e+01   5.1718045e+01   4.5695083e+01  -8.2217234e+00   5.7009133e+01   5.7214806e+01   5.6814205e+01   5.2911313e+01   4.8657837e+01
   4.2906588e+00   6.4922531e-01   7.7133588e-01   3.9968142e+00   4.0236654e+00   4.4203068e+00   4.5557802e+00   4.6659105e+00   3.7793071e+00   4.5172417e+00   6.9260257e-01   4.6608822e+00   3.7675405e+00   4.5147889e+00   4.8716930e+00   4.6989581e+00
   1.6510200e+00   4.8303017e+00   5.0403770e+00   2.1731417e+00   2.4345948e+00   5.9298950e+00   5.7252922e+00   6.0629740e+00   2.0406231e+00   6.2532447e+00   5.6671392e+00   1.8399122e+00   2.4021966e+00   6.0540795e+00   1.2538570e+00   5.9481891e+00
   2.3678046e+00   5.7665232e+00   5.7358987e+00   2.7056893e+00   2.8258610e+00   2.8287252e+00   2.9303390e+00   2.6785003e+00   2.6369825e+00   2.4038981e+00   6.0001840e+00   2.3617136e+00   2.8564731e+00   2.7399178e+00   2.0984192e+00   2.5477842e+00
   2.8978990e+00   6.1322647e+00   6.1083570e+00   3.1902928e+00   3.1982302e+00   3.1824591e+00   3.2286270e+00   3.0439695e+00   3.1435106e+00   2.9362397e+00   6.2831236e+00   2.8021379e+00   3.2806750e+00   3.1103903e+00   2.6447287e+00   2.9986464e+00
   3.4029953e+00   1.8029565e-01   1.6680844e-01   3.6891147e+00   3.5761384e+00   3.5640285e+00   3.5457339e+00   3.4098621e+00   3.6699251e+00   3.4905751e+00   2.8313840e-01   3.2183377e+00   3.7213306e+00   3.4942181e+00   3.1284540e+00   3.4596663e+00
   3.9362564e+00   5.5118656e-01   5.5128744e-01   4.2402232e+00   3.9764453e+00   3.9954540e+00   3.8992005e+00   3.7980462e+00   4.2730939e+00   4.0650776e+00   6.1402296e-01   3.6367153e+00   4.2144194e+00   3.9154415e+00   3.6002535e+00   3.9454767e+00
   4.6676931e+00   1.3028902e+00   1.2772089e+00   4.9851799e+00   4.4261382e+00   4.7556041e+00   4.3901059e+00   4.3010471e+00   5.5053325e+00   5.2095019e+00   1.2131414e+00   4.0977968e+00   4.8597910e+00   4.5440765e+00   4.1378877e+00   4.6594827e+00
