   4.0000000e-01   5.0000000e-01   6.0000000e-01   7.0000000e-01   8.0000000e-01
   7.6954330e-02   1.0400792e-01   1.5414629e-04   1.1967036e-19   6.7569170e-09
   1.0000000e+05   1.0000000e+05   1.0000000e+05   1.0000000e+05   1.0000000e+05
   4.3750000e+02   4.3750000e+02   4.3750000e+02   4.3750000e+02   5.0000002e+01
   1.3145723e+02   7.3931975e+01   3.0172653e+01   9.8277656e+00   1.9621247e+00
   1.3990537e+02   1.2556501e+02   1.0496004e+02   6.1810325e+01   7.5981780e+00
   4.5875816e+01   5.4840488e+01   5.1120591e+01   1.2255592e+01   1.8218622e+01
   1.2115999e+01   1.4104188e+01   1.2288795e+01   2.0128211e+00   8.9732519e+00
   3.7426055e+01   4.6713326e+01   3.2625863e+01   3.9466502e+01   1.3483715e+01
   3.9091078e+01   3.6700264e+01   3.0783525e+01   2.9223826e+01   2.1967053e+01
   3.1988520e+01   4.1492181e+01   8.8619153e+00  -2.0755626e+01   2.1589538e+01
   4.7547906e+00   1.6663192e+01   5.2473506e+01  -3.7564849e+01   7.8018546e+00
   2.9597174e+01   3.8581491e+01   5.9116081e+01  -2.0904232e+01   2.3876745e+00
   2.0836604e+00  -4.3644949e+00   1.3369118e+00   2.9795821e+01   4.6424455e+01
   8.4412830e-01   9.6808922e-01   5.0624868e-01   1.7806168e+00   3.9588942e+00
   4.5375149e+00   4.2886192e+00   6.0495074e+00   6.2564052e+00   1.5083156e+00
   5.3345119e+00   5.2128531e+00   6.2491013e+00   6.9846887e-01   2.3068354e+00
   5.7357720e+00   5.5620331e+00   1.5263921e-01   1.3722591e+00   2.8305475e+00
   6.0675517e+00   5.8415786e+00   3.4030181e-01   2.0808477e+00   3.3349026e+00
   1.2997377e-01   6.1038310e+00   5.4174091e-01   2.8112326e+00   3.8315377e+00
   7.0692340e-01   1.0575595e-01   7.7643100e-01   3.6756295e+00   2.3569772e-01
