   1.7233225e-02   1.0000000e+05   1.3855270e+01   1.4201369e+01   2.0000000e+01   2.0000000e+01   0.0000000e+00   0.0000000e+00   0.0000000e+00   0.0000000e+00
   4.3820690e-02   1.0000000e+05   1.3759879e+01   8.0143127e+00   2.0000000e+01   2.5000000e+01   0.0000000e+00   0.0000000e+00   0.0000000e+00   0.0000000e+00
   1.9594065e-03   1.0000000e+05   1.3869028e+01   1.6309922e+01   2.0000000e+01   3.0000000e+01   0.0000000e+00   0.0000000e+00   0.0000000e+00   0.0000000e+00
   4.1767298e-04   1.0000000e+05   1.3772237e+01   1.2253871e+01   2.0000000e+01   3.5000000e+01   0.0000000e+00   0.0000000e+00   0.0000000e+00   0.0000000e+00
   1.5853728e-04   1.0000000e+05   1.3831309e+01   2.7797721e+01   2.0000000e+01   4.0000000e+01   0.0000000e+00   0.0000000e+00   0.0000000e+00   0.0000000e+00
   6.7634080e-04   1.0000000e+05   1.3925234e+01   1.1305412e+01   2.0000000e+01   4.5000000e+01   0.0000000e+00   0.0000000e+00   0.0000000e+00   0.0000000e+00
   3.3305776e-02   1.0000000e+05   1.3923936e+01  -2.3095310e+00   0.0000000e+00   0.0000000e+00   0.0000000e+00   0.0000000e+00   0.0000000e+00   0.0000000e+00
   1.2738568e-03   1.0000000e+05   1.3698543e+01   4.5695083e+01   0.0000000e+00   0.0000000e+00   0.0000000e+00   0.0000000e+00   0.0000000e+00   0.0000000e+00
   8.9957829e-01   1.0000000e+05   1.4078067e+01   4.5172417e+00   0.0000000e+00   0.0000000e+00   0.0000000e+00   0.0000000e+00   0.0000000e+00   0.0000000e+00
   2.7809346e-04   1.0000000e+05   1.3902901e+01   6.2532447e+00   0.0000000e+00   0.0000000e+00   0.0000000e+00   0.0000000e+00   0.0000000e+00   0.0000000e+00
   8.9956726e-01   1.0000000e+05   1.3908667e+01   2.4038981e+00   0.0000000e+00   0.0000000e+00   0.0000000e+00   0.0000000e+00   0.0000000e+00   0.0000000e+00
   2.7509524e-03   1.0000000e+05   1.3812047e+01   2.9362397e+00   0.0000000e+00   0.0000000e+00   0.0000000e+00   0.0000000e+00   0.0000000e+00   0.0000000e+00
   1.0358171e-03   1.0000000e+05   1.3823566e+01   3.4905751e+00   0.0000000e+00   0.0000000e+00   0.0000000e+00   0.0000000e+00   0.0000000e+00   0.0000000e+00
   1.2530064e+01   1.0000000e+05   1.3796052e+01   4.0650776e+00   0.0000000e+00   0.0000000e+00   0.0000000e+00   0.0000000e+00   0.0000000e+00   0.0000000e+00
   5.5005352e-04   1.0000000e+05   1.3670856e+01   5.2095019e+00   0.0000000e+00   0.0000000e+00   0.0000000e+00   0.0000000e+00   0.0000000e+00   0.0000000e+00
   6.5854656e-06   1.0000000e+05   1.3787575e+01   0.0000000e+00   0.0000000e+00   0.0000000e+00   0.0000000e+00   0.0000000e+00   0.0000000e+00   0.0000000e+00
   2.5506538e-04   1.0000000e+05   1.3732355e+01   0.0000000e+00   0.0000000e+00   0.0000000e+00   0.0000000e+00   0.0000000e+00   0.0000000e+00   0.0000000e+00
   1.5333404e-03   1.0000000e+05   1.3743315e+01   0.0000000e+00   0.0000000e+00   0.0000000e+00   0.0000000e+00   0.0000000e+00   0.0000000e+00   0.0000000e+00
   1.1609304e-04   1.0000000e+05   1.3859725e+01   0.0000000e+00   0.0000000e+00   0.0000000e+00   0.0000000e+00   0.0000000e+00   0.0000000e+00   0.0000000e+00
   6.2643749e-04   1.0000000e+05   1.3714491e+01   0.0000000e+00   0.0000000e+00   0.0000000e+00   0.0000000e+00   0.0000000e+00   0.0000000e+00   0.0000000e+00
   1.3165421e+01   1.0000000e+05   1.4033822e+01   0.0000000e+00   0.0000000e+00   0.0000000e+00   0.0000000e+00   0.0000000e+00   0.0000000e+00   0.0000000e+00
   2.9992618e-04   1.0000000e+05   1.3764571e+01   0.0000000e+00   0.0000000e+00   0.0000000e+00   0.0000000e+00   0.0000000e+00   0.0000000e+00   0.0000000e+00
   6.2500000e+01   1.0000000e+05   1.3819813e+01   0.0000000e+00   0.0000000e+00   0.0000000e+00   0.0000000e+00   0.0000000e+00   0.0000000e+00   0.0000000e+00
   3.7405288e-02   1.0000000e+05   1.3887045e+01   0.0000000e+00   0.0000000e+00   0.0000000e+00   0.0000000e+00   0.0000000e+00   0.0000000e+00   0.0000000e+00
   4.7516801e-04   1.0000000e+05   1.3744477e+01   0.0000000e+00   0.0000000e+00   0.0000000e+00   0.0000000e+00   0.0000000e+00   0.0000000e+00   0.0000000e+00
   1.2125040e-03   1.0000000e+05   1.3811269e+01   0.0000000e+00   0.0000000e+00   0.0000000e+00   0.0000000e+00   0.0000000e+00   0.0000000e+00   0.0000000e+00
   2.3365140e-02   1.0000000e+05   1.3841895e+01   0.0000000e+00   0.0000000e+00   0.0000000e+00   0.0000000e+00   0.0000000e+00   0.0000000e+00   0.0000000e+00
   3.2408983e-02   1.0000000e+05   1.3879487e+01   0.0000000e+00   0.0000000e+00   0.0000000e+00   0.0000000e+00   0.0000000e+00   0.0000000e+00   0.0000000e+00
   6.1877707e-02   1.0000000e+05   1.3815025e+01   0.0000000e+00   0.0000000e+00   0.0000000e+00   0.0000000e+00   0.0000000e+00   0.0000000e+00   0.0000000e+00
   1.3739554e-04   1.0000000e+05   1.3813605e+01   0.0000000e+00   0.0000000e+00   0.0000000e+00   0.0000000e+00   0.0000000e+00   0.0000000e+00   0.0000000e+00
   8.8492831e-01   1.0000000e+05   1.3732727e+01   0.0000000e+00   0.0000000e+00   0.0000000e+00   0.0000000e+00   0.0000000e+00   0.0000000e+00   0.0000000e+00
   6.3675246e-06   1.0000000e+05   1.3846118e+01   0.0000000e+00   0.0000000e+00   0.0000000e+00   0.0000000e+00   0.0000000e+00   0.0000000e+00   0.0000000e+00
   2.7535583e-04   1.0000000e+05   1.3682963e+01   0.0000000e+00   0.0000000e+00   0.0000000e+00   0.0000000e+00   0.0000000e+00   0.0000000e+00   0.0000000e+00
   1.0140682e-03   1.0000000e+05   1.3726791e+01   0.0000000e+00   0.0000000e+00   0.0000000e+00   0.0000000e+00   0.0000000e+00   0.0000000e+00   0.0000000e+00
   3.1400301e-04   1.0000000e+05   1.3729321e+01   0.0000000e+00   0.0000000e+00   0.0000000e+00   0.0000000e+00   0.0000000e+00   0.0000000e+00   0.0000000e+00
   1.2501630e+01   1.0000000e+05   1.3689822e+01   0.0000000e+00   0.0000000e+00   0.0000000e+00   0.0000000e+00   0.0000000e+00   0.0000000e+00   0.0000000e+00
   1.3508060e-04   1.0000000e+05   1.3831214e+01   0.0000000e+00   0.0000000e+00   0.0000000e+00   0.0000000e+00   0.0000000e+00   0.0000000e+00   0.0000000e+00
   8.8352421e-29   1.0000000e+05   1.3893378e+01   0.0000000e+00   0.0000000e+00   0.0000000e+00   0.0000000e+00   0.0000000e+00   0.0000000e+00   0.0000000e+00
   1.3072414e+01   1.0000000e+05   1.3978268e+01   0.0000000e+00   0.0000000e+00   0.0000000e+00   0.0000000e+00   0.0000000e+00   0.0000000e+00   0.0000000e+00
   1.2500682e+01   1.0000000e+05   1.3808259e+01   0.0000000e+00   0.0000000e+00   0.0000000e+00   0.0000000e+00   0.0000000e+00   0.0000000e+00   0.0000000e+00
   1.3543366e-10   1.0000000e+05   1.3666995e+01   0.0000000e+00   0.0000000e+00   0.0000000e+00   0.0000000e+00   0.0000000e+00   0.0000000e+00   0.0000000e+00
   6.3085812e-04   1.0000000e+05   1.3798463e+01   0.0000000e+00   0.0000000e+00   0.0000000e+00   0.0000000e+00   0.0000000e+00   0.0000000e+00   0.0000000e+00
   4.9061169e-04   1.0000000e+05   1.3701311e+01   0.0000000e+00   0.0000000e+00   0.0000000e+00   0.0000000e+00   0.0000000e+00   0.0000000e+00   0.0000000e+00
   2.9013664e-04   1.0000000e+05   1.3681129e+01   0.0000000e+00   0.0000000e+00   0.0000000e+00   0.0000000e+00   0.0000000e+00   0.0000000e+00   0.0000000e+00
   5.9366400e-04   1.0000000e+05   1.3765345e+01   0.0000000e+00   0.0000000e+00   0.0000000e+00   0.0000000e+00   0.0000000e+00   0.0000000e+00   0.0000000e+00
   9.9879580e-04   1.0000000e+05   1.3723318e+01   0.0000000e+00   0.0000000e+00   0.0000000e+00   0.0000000e+00   0.0000000e+00   0.0000000e+00   0.0000000e+00
   1.2518132e+01   1.0000000e+05   1.3687977e+01   0.0000000e+00   0.0000000e+00   0.0000000e+00   0.0000000e+00   0.0000000e+00   0.0000000e+00   0.0000000e+00
   3.4168832e-01   1.0000000e+05   1.3734433e+01   0.0000000e+00   0.0000000e+00   0.0000000e+00   0.0000000e+00   0.0000000e+00   0.0000000e+00   0.0000000e+00
   8.9956726e-01   1.0000000e+05   1.3903439e+01   0.0000000e+00   0.0000000e+00   0.0000000e+00   0.0000000e+00   0.0000000e+00   0.0000000e+00   0.0000000e+00
   3.5977484e-04   1.0000000e+05   1.3647781e+01   0.0000000e+00   0.0000000e+00   0.0000000e+00   0.0000000e+00   0.0000000e+00   0.0000000e+00   0.0000000e+00
   8.8352421e-29   3.8000000e+01   0.0000000e+00   0.0000000e+00   0.0000000e+00   0.0000000e+00   0.0000000e+00   0.0000000e+00   0.0000000e+00   0.0000000e+00
   1.0000000e+05   0.0000000e+00   0.0000000e+00   0.0000000e+00   0.0000000e+00   0.0000000e+00   0.0000000e+00   0.0000000e+00   0.0000000e+00   0.0000000e+00
   6.2500000e+01   0.0000000e+00   0.0000000e+00   0.0000000e+00   0.0000000e+00   0.0000000e+00   0.0000000e+00   0.0000000e+00   0.0000000e+00   0.0000000e+00
   2.8596392e+00   0.0000000e+00   0.0000000e+00   0.0000000e+00   0.0000000e+00   0.0000000e+00   0.0000000e+00   0.0000000e+00   0.0000000e+00   0.0000000e+00
   9.5524237e+00   0.0000000e+00   0.0000000e+00   0.0000000e+00   0.0000000e+00   0.0000000e+00   0.0000000e+00   0.0000000e+00   0.0000000e+00   0.0000000e+00
