   5.0000000e+01   3.2264030e+02
   1.0000000e+02   3.2264030e+02
   1.5000000e+02   6.4381765e+01
   2.0000000e+02   6.4381765e+01
   2.5000000e+02   4.0456737e+01
   3.0000000e+02   3.5219544e+01
   3.5000000e+02   5.1583064e+00
   4.0000000e+02   5.1583064e+00
   4.5000000e+02   5.1583064e+00
   5.0000000e+02   3.7878967e+00
   5.5000000e+02   1.6219299e+00
   6.0000000e+02   6.7031100e-02
   6.5000000e+02   6.7031100e-02
   7.0000000e+02   6.7031100e-02
   7.5000000e+02   6.7031100e-02
   8.0000000e+02   6.7031100e-02
   8.5000000e+02   6.7031100e-02
   9.0000000e+02   6.7031100e-02
   9.5000000e+02   6.7031100e-02
   1.0000000e+03   6.7031100e-02
   1.0500000e+03   2.3667624e-02
   1.1000000e+03   2.3667624e-02
   1.1500000e+03   2.1816254e-02
   1.2000000e+03   4.0725792e-03
   1.2500000e+03   4.0725792e-03
   1.3000000e+03   4.0725792e-03
   1.3500000e+03   4.0725792e-03
   1.4000000e+03   4.0725792e-03
   1.4500000e+03   4.0725792e-03
   1.5000000e+03   4.0725792e-03
   1.5500000e+03   4.0725792e-03
   1.6000000e+03   3.8038669e-03
   1.6500000e+03   3.8038669e-03
   1.7000000e+03   3.8038669e-03
   1.7500000e+03   3.8038669e-03
   1.8000000e+03   3.8038669e-03
   1.8500000e+03   3.7987211e-03
   1.9000000e+03   3.7033300e-03
   1.9500000e+03   3.7033300e-03
   2.0000000e+03   3.7033300e-03
   2.0500000e+03   3.6487022e-03
   2.1000000e+03   3.6417160e-03
   2.1500000e+03   3.6417160e-03
   2.2000000e+03   3.5782550e-03
   2.2500000e+03   3.5782550e-03
   2.3000000e+03   3.5478522e-03
   2.3500000e+03   3.5044824e-03
   2.4000000e+03   3.4635547e-03
   2.4500000e+03   3.4167204e-03
   2.5000000e+03   3.3451328e-03
   2.5500000e+03   3.2615076e-03
   2.6000000e+03   3.1923663e-03
   2.6500000e+03   3.0988478e-03
   2.7000000e+03   3.0238613e-03
   2.7500000e+03   2.9486204e-03
   2.8000000e+03   2.8418251e-03
   2.8500000e+03   2.6944484e-03
   2.9000000e+03   2.5761865e-03
   2.9500000e+03   2.3750446e-03
   3.0000000e+03   2.0738109e-03
   3.0500000e+03   1.7965925e-03
   3.1000000e+03   1.5405782e-03
   3.1500000e+03   1.5405782e-03
   3.2000000e+03   1.1594144e-03
   3.2500000e+03   6.3441721e-04
   3.3000000e+03   1.8726988e-04
   3.3500000e+03   1.8726988e-04
   3.4000000e+03   1.8726988e-04
   3.4500000e+03   1.8576461e-04
   3.5000000e+03   1.4044181e-04
   3.5500000e+03   1.1305174e-04
   3.6000000e+03   1.0743088e-04
   3.6500000e+03   9.4544283e-05
   3.7000000e+03   9.4544283e-05
   3.7500000e+03   8.7139777e-05
   3.8000000e+03   7.1495720e-05
   3.8500000e+03   5.2641073e-05
   3.9000000e+03   4.4503733e-05
   3.9500000e+03   2.7108251e-05
   4.0000000e+03   2.4500384e-05
   4.0500000e+03   1.5084950e-05
   4.1000000e+03   1.1671861e-05
   4.1500000e+03   7.0922052e-06
   4.2000000e+03   7.0922052e-06
   4.2500000e+03   7.0259007e-06
   4.3000000e+03   4.9633796e-06
   4.3500000e+03   4.9633796e-06
   4.4000000e+03   3.7663266e-06
   4.4500000e+03   3.7663266e-06
   4.5000000e+03   3.7663266e-06
   4.5500000e+03   3.3639681e-06
   4.6000000e+03   2.8993934e-06
   4.6500000e+03   2.8993934e-06
   4.7000000e+03   2.7119993e-06
   4.7500000e+03   2.6600964e-06
   4.8000000e+03   2.5384204e-06
   4.8500000e+03   2.2640866e-06
   4.9000000e+03   2.0572864e-06
   4.9500000e+03   2.0572864e-06
   5.0000000e+03   1.9239227e-06
   5.0000000e+03   1.9239227e-06
