   5.0000000e+01   4.6250185e+02
   1.0000000e+02   4.6250185e+02
   1.5000000e+02   2.4683868e+02
   2.0000000e+02   2.4683868e+02
   2.5000000e+02   2.4683868e+02
   3.0000000e+02   1.3949673e+02
   3.5000000e+02   6.3867827e+01
   4.0000000e+02   2.3742609e+01
   4.5000000e+02   2.3742609e+01
   5.0000000e+02   2.3742609e+01
   5.5000000e+02   2.3742609e+01
   6.0000000e+02   2.3742609e+01
   6.5000000e+02   2.3742609e+01
   7.0000000e+02   2.3742609e+01
   7.5000000e+02   2.3742609e+01
   8.0000000e+02   2.3742609e+01
   8.5000000e+02   1.1348947e+01
   9.0000000e+02   1.1348947e+01
   9.5000000e+02   1.1348947e+01
   1.0000000e+03   1.1348947e+01
   1.0500000e+03   1.1348947e+01
   1.1000000e+03   1.1037857e+01
   1.1500000e+03   9.4299809e+00
   1.2000000e+03   9.4299809e+00
   1.2500000e+03   9.4299809e+00
   1.3000000e+03   3.6602170e+00
   1.3500000e+03   3.4709938e+00
   1.4000000e+03   3.8335410e-01
   1.4500000e+03   3.8335410e-01
   1.5000000e+03   3.8335410e-01
   1.5500000e+03   3.8335410e-01
   1.6000000e+03   3.8335410e-01
   1.6500000e+03   3.8335410e-01
   1.7000000e+03   3.8335410e-01
   1.7500000e+03   3.8335410e-01
   1.8000000e+03   4.6365348e-02
   1.8500000e+03   4.6365348e-02
   1.9000000e+03   4.6365348e-02
   1.9500000e+03   4.6365348e-02
   2.0000000e+03   4.4918302e-02
   2.0500000e+03   4.4918302e-02
   2.1000000e+03   4.4918302e-02
   2.1500000e+03   2.3730152e-02
   2.2000000e+03   2.3730152e-02
   2.2500000e+03   2.3730152e-02
   2.3000000e+03   2.3730152e-02
   2.3500000e+03   1.7501473e-02
   2.4000000e+03   8.5395456e-03
   2.4500000e+03   8.5395456e-03
   2.5000000e+03   8.5395456e-03
   2.5500000e+03   7.7802270e-03
   2.6000000e+03   7.7802270e-03
   2.6500000e+03   7.7802270e-03
   2.7000000e+03   7.7802270e-03
   2.7500000e+03   7.7802270e-03
   2.8000000e+03   7.6812484e-03
   2.8500000e+03   4.2376047e-03
   2.9000000e+03   4.2376047e-03
   2.9500000e+03   4.2376047e-03
   3.0000000e+03   4.2376047e-03
   3.0500000e+03   4.2376047e-03
   3.1000000e+03   4.2376047e-03
   3.1500000e+03   4.2376047e-03
   3.2000000e+03   4.2376047e-03
   3.2500000e+03   4.2376047e-03
   3.3000000e+03   4.2376047e-03
   3.3500000e+03   4.2376047e-03
   3.4000000e+03   4.2376047e-03
   3.4500000e+03   4.2376047e-03
   3.5000000e+03   4.2376047e-03
   3.5500000e+03   4.2376047e-03
   3.6000000e+03   4.2376047e-03
   3.6500000e+03   4.2376047e-03
   3.7000000e+03   4.2376047e-03
   3.7500000e+03   4.2376047e-03
   3.8000000e+03   4.2376047e-03
   3.8500000e+03   4.2376047e-03
   3.9000000e+03   3.8354428e-03
   3.9500000e+03   1.2582014e-03
   4.0000000e+03   1.2582014e-03
   4.0500000e+03   1.2582014e-03
   4.1000000e+03   1.2582014e-03
   4.1500000e+03   1.2582014e-03
   4.2000000e+03   1.2582014e-03
   4.2500000e+03   1.2582014e-03
   4.3000000e+03   1.2582014e-03
   4.3500000e+03   1.2582014e-03
   4.4000000e+03   1.2582014e-03
   4.4500000e+03   1.2582014e-03
   4.5000000e+03   1.2582014e-03
   4.5500000e+03   1.2582014e-03
   4.6000000e+03   1.2582014e-03
   4.6500000e+03   1.2582014e-03
   4.7000000e+03   1.2582014e-03
   4.7500000e+03   1.0252888e-03
   4.8000000e+03   9.5748900e-04
   4.8500000e+03   9.5748900e-04
   4.9000000e+03   9.5748900e-04
   4.9500000e+03   9.5748900e-04
   5.0000000e+03   9.5748900e-04
   5.0000000e+03   9.5748900e-04
