   5.0000000e+01   1.1867546e+03
   1.0000000e+02   1.1489278e+03
   1.5000000e+02   4.4931962e+02
   2.0000000e+02   4.4931962e+02
   2.5000000e+02   1.3441551e+02
   3.0000000e+02   1.3441551e+02
   3.5000000e+02   1.3441551e+02
   4.0000000e+02   1.3441551e+02
   4.5000000e+02   1.3441551e+02
   5.0000000e+02   5.8926109e+01
   5.5000000e+02   1.6096725e+01
   6.0000000e+02   1.6096725e+01
   6.5000000e+02   1.6096725e+01
   7.0000000e+02   7.2126900e+00
   7.5000000e+02   7.2126900e+00
   8.0000000e+02   7.2126900e+00
   8.5000000e+02   7.2126900e+00
   9.0000000e+02   7.2126900e+00
   9.5000000e+02   6.1060092e+00
   1.0000000e+03   4.1008473e+00
   1.0500000e+03   4.1008473e+00
   1.1000000e+03   4.1008473e+00
   1.1500000e+03   4.1008473e+00
   1.2000000e+03   1.4565663e+00
   1.2500000e+03   1.1457568e-01
   1.3000000e+03   1.1457568e-01
   1.3500000e+03   1.1457568e-01
   1.4000000e+03   1.1457568e-01
   1.4500000e+03   1.1457568e-01
   1.5000000e+03   1.1457568e-01
   1.5500000e+03   1.1457568e-01
   1.6000000e+03   1.1457568e-01
   1.6500000e+03   1.1457568e-01
   1.7000000e+03   1.1457568e-01
   1.7500000e+03   1.1457568e-01
   1.8000000e+03   1.1457568e-01
   1.8500000e+03   1.1457568e-01
   1.9000000e+03   1.1457568e-01
   1.9500000e+03   1.1457568e-01
   2.0000000e+03   1.1457568e-01
   2.0500000e+03   1.1457568e-01
   2.1000000e+03   1.1457568e-01
   2.1500000e+03   1.1457568e-01
   2.2000000e+03   9.7919866e-02
   2.2500000e+03   2.8089781e-02
   2.3000000e+03   2.8089781e-02
   2.3500000e+03   8.6831302e-03
   2.4000000e+03   8.0271863e-03
   2.4500000e+03   8.0271863e-03
   2.5000000e+03   8.0271863e-03
   2.5500000e+03   8.0271863e-03
   2.6000000e+03   8.0271863e-03
   2.6500000e+03   8.0271863e-03
   2.7000000e+03   8.0271863e-03
   2.7500000e+03   8.0271863e-03
   2.8000000e+03   8.0271863e-03
   2.8500000e+03   8.0271863e-03
   2.9000000e+03   3.1611880e-03
   2.9500000e+03   3.1611880e-03
   3.0000000e+03   3.1611880e-03
   3.0500000e+03   3.1611880e-03
   3.1000000e+03   3.1611880e-03
   3.1500000e+03   1.9631768e-03
   3.2000000e+03   1.9631768e-03
   3.2500000e+03   1.9631768e-03
   3.3000000e+03   1.9631768e-03
   3.3500000e+03   1.9631768e-03
   3.4000000e+03   1.9631768e-03
   3.4500000e+03   1.9631768e-03
   3.5000000e+03   1.9631768e-03
   3.5500000e+03   1.9631768e-03
   3.6000000e+03   1.9631768e-03
   3.6500000e+03   1.9631768e-03
   3.7000000e+03   1.9631768e-03
   3.7500000e+03   1.9631768e-03
   3.8000000e+03   1.9631768e-03
   3.8500000e+03   1.9631768e-03
   3.9000000e+03   1.9631768e-03
   3.9500000e+03   1.8202392e-03
   4.0000000e+03   1.8202392e-03
   4.0500000e+03   1.8202392e-03
   4.1000000e+03   1.8202392e-03
   4.1500000e+03   1.8202392e-03
   4.2000000e+03   1.2141669e-03
   4.2500000e+03   1.2141669e-03
   4.3000000e+03   1.2141669e-03
   4.3500000e+03   1.2141669e-03
   4.4000000e+03   1.2141669e-03
   4.4500000e+03   1.2141669e-03
   4.5000000e+03   1.2141669e-03
   4.5500000e+03   1.0929767e-03
   4.6000000e+03   1.0929767e-03
   4.6500000e+03   1.0929767e-03
   4.7000000e+03   1.0929767e-03
   4.7500000e+03   1.0929767e-03
   4.8000000e+03   1.0929767e-03
   4.8500000e+03   1.0929767e-03
   4.9000000e+03   1.0929767e-03
   4.9500000e+03   1.0745075e-03
   5.0000000e+03   9.6775475e-04
   5.0000000e+03   9.6775475e-04
