   2.0000000e-01   3.0000000e-01   4.0000000e-01   5.0000000e-01   6.0000000e-01   7.0000000e-01   8.0000000e-01   9.0000000e-01
   1.3409002e-04   1.6414607e-04   3.3630640e-04   6.4214620e-04   1.5554053e-03   3.4930149e-03   3.3373810e-03   4.0834633e-03
   5.0000000e+03   5.0000000e+03   5.0000000e+03   5.0000000e+03   5.0000000e+03   5.0000000e+03   5.0000000e+03   5.0000000e+03
   5.1520345e-03   4.5651231e-03   7.0555257e-03   9.4294124e-03   3.2964897e-02   3.4603427e-02   3.6163671e-02   1.2592996e-01
   1.8703945e-03   2.3412172e-03   2.6544232e-03   3.9599524e-03   6.3913898e-03   9.1966080e-03   1.5714689e-02   2.8520022e-02
   1.2819763e-03   1.2094835e-03   1.2134587e-03   1.7078416e-03   5.0160085e-03   6.4026564e-03   9.9069186e-03   2.6578383e-02
   1.0237666e+01   9.0725966e+00   8.3702334e+00   8.2378128e+00   1.6455328e+01   2.9686548e+01   2.5920070e+01   4.5668261e+01
   2.0104827e+00   1.9639445e+00   2.0808441e+00   1.9540673e+00   1.9085093e+00   2.0256191e+00   2.0282621e+00   2.0185007e+00
   4.9990345e+01   4.8825527e+01   1.9787055e+01   2.0255723e+01   3.5637104e+01   4.3300715e+01   4.8340586e+01   3.9416579e+01
   4.7747785e+01   4.6062319e+01   1.8094146e+01   1.7169153e+01   2.6540946e+01   3.7062338e+01   4.3010921e+01   2.7273640e+01
   2.3468814e+00   2.4024993e+00   2.2917772e+00   2.3657164e+00   2.3407080e+00   2.3452553e+00   2.3311825e+00   2.2055368e+00
  -2.3253848e-01   2.6587906e-02   7.6774644e-02   5.1115927e-01   7.5053509e-01   3.0576056e-02  -1.4521397e-01   8.2122726e-01
