   5.0000000e+01   4.7950573e+03
   1.0000000e+02   1.9630923e+03
   1.5000000e+02   1.5339456e+03
   2.0000000e+02   1.2605445e+03
   2.5000000e+02   1.2605445e+03
   3.0000000e+02   1.2605445e+03
   3.5000000e+02   1.2605445e+03
   4.0000000e+02   1.2605445e+03
   4.5000000e+02   4.2091939e+02
   5.0000000e+02   4.2091939e+02
   5.5000000e+02   2.9620548e+02
   6.0000000e+02   2.9620548e+02
   6.5000000e+02   1.8628604e+02
   7.0000000e+02   1.8628604e+02
   7.5000000e+02   3.8924202e+01
   8.0000000e+02   3.8924202e+01
   8.5000000e+02   3.8924202e+01
   9.0000000e+02   3.8924202e+01
   9.5000000e+02   3.8924202e+01
   1.0000000e+03   1.2528789e+01
   1.0500000e+03   1.2528789e+01
   1.1000000e+03   1.2528789e+01
   1.1500000e+03   1.1755055e+01
   1.2000000e+03   3.5695021e+00
   1.2500000e+03   2.6982599e+00
   1.3000000e+03   2.6982599e+00
   1.3500000e+03   2.6982599e+00
   1.4000000e+03   1.9088199e+00
   1.4500000e+03   1.2343418e+00
   1.5000000e+03   1.2343418e+00
   1.5500000e+03   1.2343418e+00
   1.6000000e+03   1.2343418e+00
   1.6500000e+03   1.2343418e+00
   1.7000000e+03   1.2343418e+00
   1.7500000e+03   1.2343418e+00
   1.8000000e+03   1.2343418e+00
   1.8500000e+03   1.2343418e+00
   1.9000000e+03   6.7555937e-01
   1.9500000e+03   6.7555937e-01
   2.0000000e+03   6.7555937e-01
   2.0500000e+03   6.7555937e-01
   2.1000000e+03   6.7555937e-01
   2.1500000e+03   6.7555937e-01
   2.2000000e+03   6.7555937e-01
   2.2500000e+03   6.3917175e-01
   2.3000000e+03   5.4433090e-01
   2.3500000e+03   5.4433090e-01
   2.4000000e+03   5.4433090e-01
   2.4500000e+03   3.6733377e-01
   2.5000000e+03   3.6733377e-01
   2.5500000e+03   3.6733377e-01
   2.6000000e+03   3.6733377e-01
   2.6500000e+03   3.6733377e-01
   2.7000000e+03   3.6733377e-01
   2.7500000e+03   3.6577384e-01
   2.8000000e+03   3.0670332e-01
   2.8500000e+03   2.1127320e-01
   2.9000000e+03   2.1127320e-01
   2.9500000e+03   2.1127320e-01
   3.0000000e+03   2.1127320e-01
   3.0500000e+03   2.0149833e-01
   3.1000000e+03   1.9055906e-01
   3.1500000e+03   1.6877069e-01
   3.2000000e+03   1.3531499e-01
   3.2500000e+03   1.3531499e-01
   3.3000000e+03   9.7571925e-02
   3.3500000e+03   7.9166115e-02
   3.4000000e+03   7.9166115e-02
   3.4500000e+03   7.9166115e-02
   3.5000000e+03   7.9166115e-02
   3.5500000e+03   7.9166115e-02
   3.6000000e+03   7.5822600e-02
   3.6500000e+03   7.5822600e-02
   3.7000000e+03   7.5822600e-02
   3.7500000e+03   7.5822600e-02
   3.8000000e+03   6.3394587e-02
   3.8500000e+03   6.3107126e-02
   3.9000000e+03   6.3107126e-02
   3.9500000e+03   6.3107126e-02
   4.0000000e+03   6.3107126e-02
   4.0500000e+03   6.3107126e-02
   4.1000000e+03   6.3107126e-02
   4.1500000e+03   5.8670232e-02
   4.2000000e+03   5.8670232e-02
   4.2500000e+03   5.8298928e-02
   4.3000000e+03   5.5110197e-02
   4.3500000e+03   5.4430280e-02
   4.4000000e+03   5.0075974e-02
   4.4500000e+03   4.6025706e-02
   4.5000000e+03   4.6025706e-02
   4.5500000e+03   4.4606297e-02
   4.6000000e+03   4.4538474e-02
   4.6500000e+03   4.3038950e-02
   4.7000000e+03   3.8894876e-02
   4.7500000e+03   3.7170986e-02
   4.8000000e+03   3.4585064e-02
   4.8500000e+03   3.4575071e-02
   4.9000000e+03   3.4361005e-02
   4.9500000e+03   3.4261624e-02
   5.0000000e+03   3.3175252e-02
   5.0000000e+03   3.3175252e-02
