   6.9443191e-01   5.0000000e+03   1.1657186e+00   4.8172470e+01   4.9563566e-01   1.0615233e+00   0.0000000e+00   0.0000000e+00   0.0000000e+00   0.0000000e+00
   4.1286108e-02   5.0000000e+03   9.8533280e-01   2.7695607e-01   4.1027465e-01   1.0909757e+00   0.0000000e+00   0.0000000e+00   0.0000000e+00   0.0000000e+00
   4.2069640e-02   5.0000000e+03   8.2484600e-01   4.4905116e+01   3.0934845e-01   1.0733637e+00   0.0000000e+00   0.0000000e+00   0.0000000e+00   0.0000000e+00
   1.1951839e-01   5.0000000e+03   7.6322570e-01   3.5494725e+00   2.0630069e-01   1.0120961e+00   0.0000000e+00   0.0000000e+00   0.0000000e+00   0.0000000e+00
   4.1742354e-02   5.0000000e+03   7.4650120e-01  -1.2611558e+01   1.1364848e-01   9.1476510e-01   0.0000000e+00   0.0000000e+00   0.0000000e+00   0.0000000e+00
   9.1055151e-02   5.0000000e+03   8.2179370e-01  -2.8690561e+00   4.1467303e-02   7.9218614e-01   0.0000000e+00   0.0000000e+00   0.0000000e+00   0.0000000e+00
   4.8316355e-02   5.0000000e+03   8.2573020e-01  -8.6558432e+00  -3.7567892e-03   6.5713938e-01   0.0000000e+00   0.0000000e+00   0.0000000e+00   0.0000000e+00
   4.4777863e-02   5.0000000e+03   8.1607150e-01   1.0051512e+01  -1.9773480e-02   5.2295770e-01   0.0000000e+00   0.0000000e+00   0.0000000e+00   0.0000000e+00
   6.8613033e-01   5.0000000e+03   8.4747360e-01   2.0796234e+00  -8.6411962e-03   4.0211899e-01   0.0000000e+00   0.0000000e+00   0.0000000e+00   0.0000000e+00
   4.7646300e-02   5.0000000e+03   8.6466410e-01   5.3780145e+00   2.3811439e-02   3.0502950e-01   0.0000000e+00   0.0000000e+00   0.0000000e+00   0.0000000e+00
   4.3542058e-02   5.0000000e+03   9.2120650e-01   0.0000000e+00   6.9339258e-02   2.3937955e-01   0.0000000e+00   0.0000000e+00   0.0000000e+00   0.0000000e+00
   4.0309703e-02   5.0000000e+03   7.3633230e-01   0.0000000e+00   1.2211454e-01   2.1269283e-01   0.0000000e+00   0.0000000e+00   0.0000000e+00   0.0000000e+00
   4.0451782e-02   5.0000000e+03   7.5470030e-01   0.0000000e+00   2.1784835e-01   2.6611873e-01   0.0000000e+00   0.0000000e+00   0.0000000e+00   0.0000000e+00
   3.3175252e-02   5.0000000e+03   7.4505040e-01   0.0000000e+00   3.5810030e-01   4.0561266e-01   0.0000000e+00   0.0000000e+00   0.0000000e+00   0.0000000e+00
   4.7610892e-02   5.0000000e+03   7.5720240e-01   0.0000000e+00   4.7254376e-01   5.6641766e-01   0.0000000e+00   0.0000000e+00   0.0000000e+00   0.0000000e+00
   6.1151990e-02   5.0000000e+03   7.1095570e-01   0.0000000e+00   5.4513626e-01   7.2692222e-01   0.0000000e+00   0.0000000e+00   0.0000000e+00   0.0000000e+00
   6.5321875e-01   5.0000000e+03   7.0344790e-01   0.0000000e+00   5.7138728e-01   8.7136993e-01   0.0000000e+00   0.0000000e+00   0.0000000e+00   0.0000000e+00
   5.8021752e-01   5.0000000e+03   7.2994710e-01   0.0000000e+00   5.5275584e-01   9.8631146e-01   0.0000000e+00   0.0000000e+00   0.0000000e+00   0.0000000e+00
   4.3423795e-02   5.0000000e+03   9.4953480e-01   0.0000000e+00   0.0000000e+00   0.0000000e+00   0.0000000e+00   0.0000000e+00   0.0000000e+00   0.0000000e+00
   4.2874066e-02   5.0000000e+03   9.7396140e-01   0.0000000e+00   0.0000000e+00   0.0000000e+00   0.0000000e+00   0.0000000e+00   0.0000000e+00   0.0000000e+00
   1.0208016e-01   5.0000000e+03   8.0930400e-01   0.0000000e+00   0.0000000e+00   0.0000000e+00   0.0000000e+00   0.0000000e+00   0.0000000e+00   0.0000000e+00
   8.7107603e-01   5.0000000e+03   8.1998710e-01   0.0000000e+00   0.0000000e+00   0.0000000e+00   0.0000000e+00   0.0000000e+00   0.0000000e+00   0.0000000e+00
   4.7899725e-01   5.0000000e+03   7.7292040e-01   0.0000000e+00   0.0000000e+00   0.0000000e+00   0.0000000e+00   0.0000000e+00   0.0000000e+00   0.0000000e+00
   4.1882965e-02   5.0000000e+03   8.0266160e-01   0.0000000e+00   0.0000000e+00   0.0000000e+00   0.0000000e+00   0.0000000e+00   0.0000000e+00   0.0000000e+00
   3.1525566e-01   5.0000000e+03   7.6313820e-01   0.0000000e+00   0.0000000e+00   0.0000000e+00   0.0000000e+00   0.0000000e+00   0.0000000e+00   0.0000000e+00
   4.2883489e-02   5.0000000e+03   7.1297820e-01   0.0000000e+00   0.0000000e+00   0.0000000e+00   0.0000000e+00   0.0000000e+00   0.0000000e+00   0.0000000e+00
   1.6192332e-01   5.0000000e+03   7.2428320e-01   0.0000000e+00   0.0000000e+00   0.0000000e+00   0.0000000e+00   0.0000000e+00   0.0000000e+00   0.0000000e+00
   8.6274558e-01   5.0000000e+03   7.0582040e-01   0.0000000e+00   0.0000000e+00   0.0000000e+00   0.0000000e+00   0.0000000e+00   0.0000000e+00   0.0000000e+00
   4.3628722e-02   5.0000000e+03   7.4241030e-01   0.0000000e+00   0.0000000e+00   0.0000000e+00   0.0000000e+00   0.0000000e+00   0.0000000e+00   0.0000000e+00
   2.3920877e-01   5.0000000e+03   7.3448430e-01   0.0000000e+00   0.0000000e+00   0.0000000e+00   0.0000000e+00   0.0000000e+00   0.0000000e+00   0.0000000e+00
   5.0669570e-02   5.0000000e+03   7.2401590e-01   0.0000000e+00   0.0000000e+00   0.0000000e+00   0.0000000e+00   0.0000000e+00   0.0000000e+00   0.0000000e+00
   2.5112960e+00   5.0000000e+03   7.6835580e-01   0.0000000e+00   0.0000000e+00   0.0000000e+00   0.0000000e+00   0.0000000e+00   0.0000000e+00   0.0000000e+00
   2.9801392e-01   5.0000000e+03   6.9412680e-01   0.0000000e+00   0.0000000e+00   0.0000000e+00   0.0000000e+00   0.0000000e+00   0.0000000e+00   0.0000000e+00
   4.2846120e-02   5.0000000e+03   6.8365810e-01   0.0000000e+00   0.0000000e+00   0.0000000e+00   0.0000000e+00   0.0000000e+00   0.0000000e+00   0.0000000e+00
   1.0193973e-01   5.0000000e+03   6.9613890e-01   0.0000000e+00   0.0000000e+00   0.0000000e+00   0.0000000e+00   0.0000000e+00   0.0000000e+00   0.0000000e+00
   4.1424750e-02   5.0000000e+03   6.9310910e-01   0.0000000e+00   0.0000000e+00   0.0000000e+00   0.0000000e+00   0.0000000e+00   0.0000000e+00   0.0000000e+00
   6.8739739e-01   5.0000000e+03   7.3702490e-01   0.0000000e+00   0.0000000e+00   0.0000000e+00   0.0000000e+00   0.0000000e+00   0.0000000e+00   0.0000000e+00
   5.7345216e-02   5.0000000e+03   7.2742910e-01   0.0000000e+00   0.0000000e+00   0.0000000e+00   0.0000000e+00   0.0000000e+00   0.0000000e+00   0.0000000e+00
   4.9622380e-02   5.0000000e+03   7.1301420e-01   0.0000000e+00   0.0000000e+00   0.0000000e+00   0.0000000e+00   0.0000000e+00   0.0000000e+00   0.0000000e+00
   4.2469936e-02   5.0000000e+03   7.0888950e-01   0.0000000e+00   0.0000000e+00   0.0000000e+00   0.0000000e+00   0.0000000e+00   0.0000000e+00   0.0000000e+00
   3.5343635e-01   5.0000000e+03   7.6045150e-01   0.0000000e+00   0.0000000e+00   0.0000000e+00   0.0000000e+00   0.0000000e+00   0.0000000e+00   0.0000000e+00
   4.8306215e-01   5.0000000e+03   7.8349200e-01   0.0000000e+00   0.0000000e+00   0.0000000e+00   0.0000000e+00   0.0000000e+00   0.0000000e+00   0.0000000e+00
   5.3619978e-02   5.0000000e+03   7.4966330e-01   0.0000000e+00   0.0000000e+00   0.0000000e+00   0.0000000e+00   0.0000000e+00   0.0000000e+00   0.0000000e+00
   4.2463958e-02   5.0000000e+03   7.4659160e-01   0.0000000e+00   0.0000000e+00   0.0000000e+00   0.0000000e+00   0.0000000e+00   0.0000000e+00   0.0000000e+00
   5.5311235e-01   5.0000000e+03   7.5324990e-01   0.0000000e+00   0.0000000e+00   0.0000000e+00   0.0000000e+00   0.0000000e+00   0.0000000e+00   0.0000000e+00
   4.5414926e-02   5.0000000e+03   7.0024450e-01   0.0000000e+00   0.0000000e+00   0.0000000e+00   0.0000000e+00   0.0000000e+00   0.0000000e+00   0.0000000e+00
   1.1749741e-01   5.0000000e+03   7.1709270e-01   0.0000000e+00   0.0000000e+00   0.0000000e+00   0.0000000e+00   0.0000000e+00   0.0000000e+00   0.0000000e+00
   2.5111949e+00   5.0000000e+03   7.1738490e-01   0.0000000e+00   0.0000000e+00   0.0000000e+00   0.0000000e+00   0.0000000e+00   0.0000000e+00   0.0000000e+00
   4.5274985e-02   5.0000000e+03   7.3393270e-01   0.0000000e+00   0.0000000e+00   0.0000000e+00   0.0000000e+00   0.0000000e+00   0.0000000e+00   0.0000000e+00
   4.4568432e-02   5.0000000e+03   7.2727600e-01   0.0000000e+00   0.0000000e+00   0.0000000e+00   0.0000000e+00   0.0000000e+00   0.0000000e+00   0.0000000e+00
   3.3175252e-02   1.4000000e+01   0.0000000e+00   0.0000000e+00   0.0000000e+00   0.0000000e+00   0.0000000e+00   0.0000000e+00   0.0000000e+00   0.0000000e+00
   5.0000000e+03   0.0000000e+00   0.0000000e+00   0.0000000e+00   0.0000000e+00   0.0000000e+00   0.0000000e+00   0.0000000e+00   0.0000000e+00   0.0000000e+00
   2.5112960e+00   0.0000000e+00   0.0000000e+00   0.0000000e+00   0.0000000e+00   0.0000000e+00   0.0000000e+00   0.0000000e+00   0.0000000e+00   0.0000000e+00
   2.9470605e-01   0.0000000e+00   0.0000000e+00   0.0000000e+00   0.0000000e+00   0.0000000e+00   0.0000000e+00   0.0000000e+00   0.0000000e+00   0.0000000e+00
   5.1985737e-01   0.0000000e+00   0.0000000e+00   0.0000000e+00   0.0000000e+00   0.0000000e+00   0.0000000e+00   0.0000000e+00   0.0000000e+00   0.0000000e+00
