   5.0000000e+01   3.6895261e+02
   1.0000000e+02   7.9114562e+01
   1.5000000e+02   7.9114562e+01
   2.0000000e+02   1.8178846e+01
   2.5000000e+02   1.8178846e+01
   3.0000000e+02   1.8178846e+01
   3.5000000e+02   4.6235444e+00
   4.0000000e+02   4.6235444e+00
   4.5000000e+02   4.6235444e+00
   5.0000000e+02   4.6235444e+00
   5.5000000e+02   1.4455009e+00
   6.0000000e+02   1.4455009e+00
   6.5000000e+02   7.1796169e-01
   7.0000000e+02   3.0717109e-01
   7.5000000e+02   3.0717109e-01
   8.0000000e+02   2.4754552e-01
   8.5000000e+02   2.4754552e-01
   9.0000000e+02   2.4754552e-01
   9.5000000e+02   3.9100276e-02
   1.0000000e+03   3.9100276e-02
   1.0500000e+03   3.9100276e-02
   1.1000000e+03   3.9100276e-02
   1.1500000e+03   3.9100276e-02
   1.2000000e+03   3.9100276e-02
   1.2500000e+03   3.7632306e-02
   1.3000000e+03   3.7632306e-02
   1.3500000e+03   1.0920793e-02
   1.4000000e+03   1.0920793e-02
   1.4500000e+03   1.0920793e-02
   1.5000000e+03   6.7980768e-03
   1.5500000e+03   6.0967051e-03
   1.6000000e+03   6.0967051e-03
   1.6500000e+03   6.0967051e-03
   1.7000000e+03   6.0967051e-03
   1.7500000e+03   6.0967051e-03
   1.8000000e+03   6.0967051e-03
   1.8500000e+03   5.8419212e-03
   1.9000000e+03   5.8419212e-03
   1.9500000e+03   4.2072227e-03
   2.0000000e+03   3.4165809e-03
   2.0500000e+03   3.4165809e-03
   2.1000000e+03   3.4165809e-03
   2.1500000e+03   3.4165809e-03
   2.2000000e+03   3.4165809e-03
   2.2500000e+03   3.4165809e-03
   2.3000000e+03   3.4165809e-03
   2.3500000e+03   3.2552470e-03
   2.4000000e+03   3.1697792e-03
   2.4500000e+03   3.1378523e-03
   2.5000000e+03   2.8312742e-03
   2.5500000e+03   2.8312742e-03
   2.6000000e+03   2.8312742e-03
   2.6500000e+03   2.8312742e-03
   2.7000000e+03   2.7987029e-03
   2.7500000e+03   2.6494035e-03
   2.8000000e+03   1.9926737e-03
   2.8500000e+03   1.9926737e-03
   2.9000000e+03   1.9926737e-03
   2.9500000e+03   1.9926737e-03
   3.0000000e+03   1.8538708e-03
   3.0500000e+03   1.4698724e-03
   3.1000000e+03   4.7957143e-04
   3.1500000e+03   4.7957143e-04
   3.2000000e+03   4.7957143e-04
   3.2500000e+03   4.7101679e-04
   3.3000000e+03   3.7761645e-04
   3.3500000e+03   2.4579061e-04
   3.4000000e+03   6.7268759e-05
   3.4500000e+03   6.7268759e-05
   3.5000000e+03   6.7268759e-05
   3.5500000e+03   6.7268759e-05
   3.6000000e+03   6.7268759e-05
   3.6500000e+03   6.7268759e-05
   3.7000000e+03   6.7268759e-05
   3.7500000e+03   6.7268759e-05
   3.8000000e+03   6.7268759e-05
   3.8500000e+03   6.7268759e-05
   3.9000000e+03   6.7268759e-05
   3.9500000e+03   1.3043336e-05
   4.0000000e+03   1.3043336e-05
   4.0500000e+03   1.3043336e-05
   4.1000000e+03   1.3043336e-05
   4.1500000e+03   1.3043336e-05
   4.2000000e+03   1.0716588e-05
   4.2500000e+03   1.0716588e-05
   4.3000000e+03   1.0716588e-05
   4.3500000e+03   8.5384644e-06
   4.4000000e+03   8.5384644e-06
   4.4500000e+03   8.5384644e-06
   4.5000000e+03   8.5384644e-06
   4.5500000e+03   8.5384644e-06
   4.6000000e+03   8.5384644e-06
   4.6500000e+03   8.5384644e-06
   4.7000000e+03   8.5384644e-06
   4.7500000e+03   7.7427383e-06
   4.8000000e+03   7.6576895e-06
   4.8500000e+03   7.3458454e-06
   4.9000000e+03   7.2988369e-06
   4.9500000e+03   7.2988369e-06
   5.0000000e+03   6.7209246e-06
   5.0000000e+03   6.7209246e-06
