   2.0000000e-01   3.0000000e-01   4.0000000e-01   5.0000000e-01   6.0000000e-01   7.0000000e-01   8.0000000e-01   9.0000000e-01
   1.4279005e-01   1.9519621e-03   4.1687743e-04   1.9671902e-03   2.2352271e-01   4.3852508e-01   5.5465534e-01   6.9152564e-03
   5.0000000e+03   5.0000000e+03   5.0000000e+03   5.0000000e+03   5.0000000e+03   5.0000000e+03   5.0000000e+03   5.0000000e+03
   1.4279005e-01   1.9519621e-03   4.1687743e-04   1.9671902e-03   2.2352271e-01   4.3852508e-01   5.5465534e-01   6.9152564e-03
   1.4279005e-01   1.9519621e-03   4.1687743e-04   1.9671902e-03   2.2352271e-01   4.3852508e-01   5.5465534e-01   6.9152564e-03
   0.0000000e+00   0.0000000e+00   0.0000000e+00   0.0000000e+00   0.0000000e+00   0.0000000e+00   0.0000000e+00   0.0000000e+00
   1.9012031e+00   1.2416846e+01   1.0673200e+01   1.7748813e+01   3.2076006e+00   2.9449296e+00   2.2281464e+00   2.8793861e+01
   3.1354520e+01   2.0795038e+00   1.8931264e+00   2.0274262e+00   2.1246766e+01   2.7590428e+01   2.8326158e+01   2.0494651e+00
   4.9166308e+01   2.5663024e+01   4.6334621e+01   2.6595318e+01   4.8913600e+01   4.9768211e+01   4.9901192e+01   4.3959327e+01
   2.2127305e+01   2.4392925e+01   4.1609252e+01   2.1097957e+01   3.6200096e+01   3.2377227e+01   2.8539733e+01   3.5591423e+01
   2.5525336e+01   2.2821001e+00   2.4366600e+00   2.3094010e+00   1.1591215e+01   1.7963798e+01   2.0571570e+01   2.3334382e+00
  -9.3290507e+00  -2.8976584e-01   3.6769720e-01   3.4284039e-01  -1.2537816e+01  -1.5348876e+01  -1.2486827e+01   1.9713059e-01
