   4.0000000e-01   5.0000000e-01   6.0000000e-01   7.0000000e-01   8.0000000e-01
   1.3332145e-03   1.0630284e-03   1.1479658e-05   8.1412535e-05   8.3858036e-05
   5.0000000e+03   5.0000000e+03   5.0000000e+03   5.0000000e+03   5.0000000e+03
   3.9197026e+00   3.9197026e+00   4.7695259e-01   3.9132001e-01   1.6664059e-01
   4.3133400e-01   3.7461632e-01   1.3470880e-01   1.2168398e-01   8.2669079e-02
   9.1845795e-01   8.4582000e-01   1.3294323e-01   9.0314550e-02   7.6514597e-02
   1.2452553e+01   1.4785181e+01   5.6320594e+00   9.4275571e+00   9.4527496e+00
   2.1607943e+00   2.0025859e+00   2.0015508e+00   1.9959593e+00   1.9888530e+00
   1.8946077e+01   1.9887848e+01   6.4543063e+00   3.6591399e+01   3.9848968e+01
   1.8441388e+01   1.2572902e+01   3.6868350e+00   3.4025653e+01   3.7246310e+01
   2.2088303e+00   2.1732342e+00   1.8010969e+00   2.3720428e+00   2.3786465e+00
  -2.2587144e-01   9.3555229e-01   1.5356265e+00   2.2747508e-03  -1.3852452e-02
