   5.0000000e+01   4.0455773e+02
   1.0000000e+02   4.0455773e+02
   1.5000000e+02   4.0455773e+02
   2.0000000e+02   4.0455773e+02
   2.5000000e+02   4.0455773e+02
   3.0000000e+02   4.0455773e+02
   3.5000000e+02   4.0455773e+02
   4.0000000e+02   4.0455773e+02
   4.5000000e+02   4.0455773e+02
   5.0000000e+02   4.0455773e+02
   5.5000000e+02   3.8034232e+02
   6.0000000e+02   3.8034232e+02
   6.5000000e+02   3.8034232e+02
   7.0000000e+02   3.8034232e+02
   7.5000000e+02   3.8034232e+02
   8.0000000e+02   3.8034232e+02
   8.5000000e+02   3.8034232e+02
   9.0000000e+02   3.8034232e+02
   9.5000000e+02   2.6109084e+02
   1.0000000e+03   2.6109084e+02
   1.0500000e+03   2.6109084e+02
   1.1000000e+03   2.6109084e+02
   1.1500000e+03   2.6109084e+02
   1.2000000e+03   2.6109084e+02
   1.2500000e+03   2.5737079e+02
   1.3000000e+03   2.5737079e+02
   1.3500000e+03   2.5705738e+02
   1.4000000e+03   2.1401826e+02
   1.4500000e+03   2.1401826e+02
   1.5000000e+03   2.1401826e+02
   1.5500000e+03   2.1401826e+02
   1.6000000e+03   2.1401826e+02
   1.6500000e+03   2.1401826e+02
   1.7000000e+03   2.1401826e+02
   1.7500000e+03   2.1401826e+02
   1.8000000e+03   2.0890839e+02
   1.8500000e+03   1.9754233e+02
   1.9000000e+03   1.9754233e+02
   1.9500000e+03   1.9754233e+02
   2.0000000e+03   1.9754233e+02
   2.0500000e+03   1.9754233e+02
   2.1000000e+03   1.9754233e+02
   2.1500000e+03   1.9668552e+02
   2.2000000e+03   1.9668552e+02
   2.2500000e+03   1.7712971e+02
   2.3000000e+03   1.7712971e+02
   2.3500000e+03   1.4877649e+02
   2.4000000e+03   1.4877649e+02
   2.4500000e+03   1.4877649e+02
   2.5000000e+03   1.4877649e+02
   2.5500000e+03   1.4877649e+02
   2.6000000e+03   1.4877649e+02
   2.6500000e+03   1.4877649e+02
   2.7000000e+03   1.4877649e+02
   2.7500000e+03   1.4877649e+02
   2.8000000e+03   1.4877649e+02
   2.8500000e+03   1.4877649e+02
   2.9000000e+03   1.4877649e+02
   2.9500000e+03   1.4877649e+02
   3.0000000e+03   1.4877649e+02
   3.0500000e+03   1.4652759e+02
   3.1000000e+03   1.4652759e+02
   3.1500000e+03   1.4652759e+02
   3.2000000e+03   1.4652759e+02
   3.2500000e+03   1.4652759e+02
   3.3000000e+03   1.4594655e+02
   3.3500000e+03   1.4144884e+02
   3.4000000e+03   1.2652485e+02
   3.4500000e+03   1.2652485e+02
   3.5000000e+03   1.2652485e+02
   3.5500000e+03   1.2652485e+02
   3.6000000e+03   1.2652485e+02
   3.6500000e+03   1.2652485e+02
   3.7000000e+03   1.2652485e+02
   3.7500000e+03   1.2652485e+02
   3.8000000e+03   1.2652485e+02
   3.8500000e+03   1.2652485e+02
   3.9000000e+03   1.1888214e+02
   3.9500000e+03   1.1888214e+02
   4.0000000e+03   9.6017048e+01
   4.0500000e+03   9.6017048e+01
   4.1000000e+03   9.6017048e+01
   4.1500000e+03   9.6017048e+01
   4.2000000e+03   9.6017048e+01
   4.2500000e+03   9.6017048e+01
   4.3000000e+03   9.6017048e+01
   4.3500000e+03   9.6017048e+01
   4.4000000e+03   9.6017048e+01
   4.4500000e+03   9.6017048e+01
   4.5000000e+03   9.6017048e+01
   4.5500000e+03   9.6017048e+01
   4.6000000e+03   9.6017048e+01
   4.6500000e+03   9.6017048e+01
   4.7000000e+03   8.5946166e+01
   4.7500000e+03   8.5946166e+01
   4.8000000e+03   8.5946166e+01
   4.8500000e+03   8.5946166e+01
   4.9000000e+03   8.5946166e+01
   4.9500000e+03   8.5946166e+01
   5.0000000e+03   8.5946166e+01
   5.0500000e+03   7.1339665e+01
   5.1000000e+03   7.1339665e+01
   5.1500000e+03   7.1339665e+01
   5.2000000e+03   7.1339665e+01
   5.2500000e+03   7.1339665e+01
   5.3000000e+03   7.1339665e+01
   5.3500000e+03   6.6449399e+01
   5.4000000e+03   6.6449399e+01
   5.4500000e+03   6.6449399e+01
   5.5000000e+03   6.6449399e+01
   5.5500000e+03   6.6449399e+01
   5.6000000e+03   4.8108457e+01
   5.6500000e+03   4.8108457e+01
   5.7000000e+03   4.8108457e+01
   5.7500000e+03   4.8108457e+01
   5.8000000e+03   4.8108457e+01
   5.8500000e+03   4.8108457e+01
   5.9000000e+03   4.8108457e+01
   5.9500000e+03   4.8108457e+01
   6.0000000e+03   4.8108457e+01
   6.0500000e+03   4.4203820e+01
   6.1000000e+03   4.4203820e+01
   6.1500000e+03   4.3188920e+01
   6.2000000e+03   4.3188920e+01
   6.2500000e+03   4.3188920e+01
   6.3000000e+03   4.3188920e+01
   6.3500000e+03   4.3188920e+01
   6.4000000e+03   4.3188920e+01
   6.4500000e+03   4.3188920e+01
   6.5000000e+03   4.3188920e+01
   6.5500000e+03   4.3188920e+01
   6.6000000e+03   4.2432907e+01
   6.6500000e+03   4.2432907e+01
   6.7000000e+03   4.2432907e+01
   6.7500000e+03   4.2432907e+01
   6.8000000e+03   4.0560379e+01
   6.8500000e+03   3.5947446e+01
   6.9000000e+03   3.4494187e+01
   6.9500000e+03   3.4494187e+01
   7.0000000e+03   3.4494187e+01
   7.0500000e+03   3.4494187e+01
   7.1000000e+03   3.4494187e+01
   7.1500000e+03   3.4494187e+01
   7.2000000e+03   3.4494187e+01
   7.2500000e+03   3.4494187e+01
   7.3000000e+03   3.4494187e+01
   7.3500000e+03   3.4115657e+01
   7.4000000e+03   3.4115657e+01
   7.4500000e+03   3.4115657e+01
   7.5000000e+03   3.4115657e+01
   7.5500000e+03   3.3194013e+01
   7.6000000e+03   3.3002844e+01
   7.6500000e+03   3.3002844e+01
   7.7000000e+03   3.3002844e+01
   7.7500000e+03   3.2766850e+01
   7.8000000e+03   3.2766850e+01
   7.8500000e+03   3.1901309e+01
   7.9000000e+03   3.1901309e+01
   7.9500000e+03   3.1817621e+01
   8.0000000e+03   3.1817621e+01
   8.0500000e+03   3.1817621e+01
   8.1000000e+03   3.1817621e+01
   8.1500000e+03   3.0954566e+01
   8.2000000e+03   3.0954566e+01
   8.2500000e+03   2.8174322e+01
   8.3000000e+03   2.8174322e+01
   8.3500000e+03   2.8174322e+01
   8.4000000e+03   2.8174322e+01
   8.4500000e+03   2.8174322e+01
   8.5000000e+03   2.8174322e+01
   8.5500000e+03   2.7199110e+01
   8.6000000e+03   2.7038693e+01
   8.6500000e+03   2.7038693e+01
   8.7000000e+03   2.7038693e+01
   8.7500000e+03   2.6983417e+01
   8.8000000e+03   2.6075640e+01
   8.8500000e+03   2.6075640e+01
   8.9000000e+03   2.6075640e+01
   8.9500000e+03   2.5376932e+01
   9.0000000e+03   2.5376932e+01
   9.0500000e+03   2.4865654e+01
   9.1000000e+03   2.4865654e+01
   9.1500000e+03   2.4865654e+01
   9.2000000e+03   2.4865654e+01
   9.2500000e+03   2.4477246e+01
   9.3000000e+03   2.4477246e+01
   9.3500000e+03   2.4477246e+01
   9.4000000e+03   2.3388145e+01
   9.4500000e+03   2.3388145e+01
   9.5000000e+03   2.3388145e+01
   9.5500000e+03   2.3388145e+01
   9.6000000e+03   2.3388145e+01
   9.6500000e+03   2.3388145e+01
   9.7000000e+03   2.3050541e+01
   9.7500000e+03   2.3050541e+01
   9.8000000e+03   2.3050541e+01
   9.8500000e+03   2.3050541e+01
   9.9000000e+03   2.3050541e+01
   9.9500000e+03   2.2155627e+01
   1.0000000e+04   2.2003969e+01
   1.0050000e+04   2.2003969e+01
   1.0100000e+04   2.1665702e+01
   1.0150000e+04   2.0549411e+01
   1.0200000e+04   2.0549411e+01
   1.0250000e+04   2.0451924e+01
   1.0300000e+04   2.0451924e+01
   1.0350000e+04   2.0445927e+01
   1.0400000e+04   2.0445927e+01
   1.0450000e+04   2.0445927e+01
   1.0500000e+04   2.0445927e+01
   1.0550000e+04   2.0445927e+01
   1.0600000e+04   2.0445927e+01
   1.0650000e+04   2.0445927e+01
   1.0700000e+04   2.0445927e+01
   1.0750000e+04   1.9705145e+01
   1.0800000e+04   1.9705145e+01
   1.0850000e+04   1.9705145e+01
   1.0900000e+04   1.9705145e+01
   1.0950000e+04   1.9705145e+01
   1.1000000e+04   1.9705145e+01
   1.1050000e+04   1.9705145e+01
   1.1100000e+04   1.9705145e+01
   1.1150000e+04   1.9692737e+01
   1.1200000e+04   1.9692737e+01
   1.1250000e+04   1.9692737e+01
   1.1300000e+04   1.8886916e+01
   1.1350000e+04   1.8886916e+01
   1.1400000e+04   1.8886916e+01
   1.1450000e+04   1.8650735e+01
   1.1500000e+04   1.8370205e+01
   1.1550000e+04   1.8370205e+01
   1.1600000e+04   1.8370205e+01
   1.1650000e+04   1.8370205e+01
   1.1700000e+04   1.8370205e+01
   1.1750000e+04   1.8370205e+01
   1.1800000e+04   1.8370205e+01
   1.1850000e+04   1.8370205e+01
   1.1900000e+04   1.8160972e+01
   1.1950000e+04   1.8160972e+01
   1.2000000e+04   1.8029585e+01
   1.2050000e+04   1.8029585e+01
   1.2100000e+04   1.7583123e+01
   1.2150000e+04   1.7583123e+01
   1.2200000e+04   1.7583123e+01
   1.2250000e+04   1.7583123e+01
   1.2300000e+04   1.7583123e+01
   1.2350000e+04   1.7057658e+01
   1.2400000e+04   1.6774688e+01
   1.2450000e+04   1.6774688e+01
   1.2500000e+04   1.6611701e+01
   1.2550000e+04   1.6611701e+01
   1.2600000e+04   1.6394238e+01
   1.2650000e+04   1.6394238e+01
   1.2700000e+04   1.6394238e+01
   1.2750000e+04   1.6394238e+01
   1.2800000e+04   1.6394238e+01
   1.2850000e+04   1.6394238e+01
   1.2900000e+04   1.6221951e+01
   1.2950000e+04   1.6125866e+01
   1.3000000e+04   1.6124022e+01
   1.3050000e+04   1.6124022e+01
   1.3100000e+04   1.6090086e+01
   1.3150000e+04   1.5714455e+01
   1.3200000e+04   1.5714455e+01
   1.3250000e+04   1.5714455e+01
   1.3300000e+04   1.5714455e+01
   1.3350000e+04   1.5714455e+01
   1.3400000e+04   1.5714455e+01
   1.3450000e+04   1.5638733e+01
   1.3500000e+04   1.5608378e+01
   1.3550000e+04   1.5251282e+01
   1.3600000e+04   1.4858192e+01
   1.3650000e+04   1.4858192e+01
   1.3700000e+04   1.4858192e+01
   1.3750000e+04   1.4858192e+01
   1.3800000e+04   1.4858192e+01
   1.3850000e+04   1.4524008e+01
   1.3900000e+04   1.4524008e+01
   1.3950000e+04   1.4524008e+01
   1.4000000e+04   1.4524008e+01
   1.4050000e+04   1.4191607e+01
   1.4100000e+04   1.4075507e+01
   1.4150000e+04   1.4075507e+01
   1.4200000e+04   1.4075507e+01
   1.4250000e+04   1.4075507e+01
   1.4300000e+04   1.3947651e+01
   1.4350000e+04   1.3714914e+01
   1.4400000e+04   1.3565185e+01
   1.4450000e+04   1.3166664e+01
   1.4500000e+04   1.3166664e+01
   1.4550000e+04   1.3166664e+01
   1.4600000e+04   1.3166664e+01
   1.4650000e+04   1.3166664e+01
   1.4700000e+04   1.3166664e+01
   1.4750000e+04   1.3166664e+01
   1.4800000e+04   1.3166664e+01
   1.4850000e+04   1.3166664e+01
   1.4900000e+04   1.3166664e+01
   1.4950000e+04   1.2916513e+01
   1.5000000e+04   1.2916513e+01
   1.5050000e+04   1.0771985e+01
   1.5100000e+04   1.0771985e+01
   1.5150000e+04   1.0771985e+01
   1.5200000e+04   1.0771985e+01
   1.5250000e+04   1.0771985e+01
   1.5300000e+04   1.0771985e+01
   1.5350000e+04   1.0771985e+01
   1.5400000e+04   1.0547042e+01
   1.5450000e+04   9.4871855e+00
   1.5500000e+04   9.4871855e+00
   1.5550000e+04   9.0101238e+00
   1.5600000e+04   8.9986296e+00
   1.5650000e+04   8.9986296e+00
   1.5700000e+04   8.9986296e+00
   1.5750000e+04   8.6242809e+00
   1.5800000e+04   7.5542018e+00
   1.5850000e+04   7.5542018e+00
   1.5900000e+04   7.5542018e+00
   1.5950000e+04   7.5542018e+00
   1.6000000e+04   7.5542018e+00
   1.6050000e+04   7.5542018e+00
   1.6100000e+04   7.1244065e+00
   1.6150000e+04   7.1244065e+00
   1.6200000e+04   7.1244065e+00
   1.6250000e+04   6.9110243e+00
   1.6300000e+04   6.8695942e+00
   1.6350000e+04   6.3640137e+00
   1.6400000e+04   6.3360440e+00
   1.6450000e+04   6.3360440e+00
   1.6500000e+04   5.8766398e+00
   1.6550000e+04   5.8766398e+00
   1.6600000e+04   5.8766398e+00
   1.6650000e+04   5.8766398e+00
   1.6700000e+04   5.8766398e+00
   1.6750000e+04   5.8766398e+00
   1.6800000e+04   5.3051300e+00
   1.6850000e+04   5.3051300e+00
   1.6900000e+04   5.3051300e+00
   1.6950000e+04   5.3051300e+00
   1.7000000e+04   5.3051300e+00
   1.7050000e+04   5.1499994e+00
   1.7100000e+04   5.1499994e+00
   1.7150000e+04   5.1499994e+00
   1.7200000e+04   5.1499994e+00
   1.7250000e+04   5.1499994e+00
   1.7300000e+04   5.1499994e+00
   1.7350000e+04   5.1499994e+00
   1.7400000e+04   4.9951147e+00
   1.7450000e+04   4.9951147e+00
   1.7500000e+04   4.9951147e+00
   1.7550000e+04   4.7077973e+00
   1.7600000e+04   4.7077973e+00
   1.7650000e+04   4.6519424e+00
   1.7700000e+04   4.6212001e+00
   1.7750000e+04   4.4072551e+00
   1.7800000e+04   4.4072551e+00
   1.7850000e+04   4.4072551e+00
   1.7900000e+04   4.4072551e+00
   1.7950000e+04   4.4072551e+00
   1.8000000e+04   4.4072551e+00
   1.8050000e+04   4.4072551e+00
   1.8100000e+04   4.4072551e+00
   1.8150000e+04   4.4072551e+00
   1.8200000e+04   4.1709432e+00
   1.8250000e+04   4.1709432e+00
   1.8300000e+04   4.1262102e+00
   1.8350000e+04   4.1062064e+00
   1.8400000e+04   4.1062064e+00
   1.8450000e+04   4.1062064e+00
   1.8500000e+04   4.1062064e+00
   1.8550000e+04   4.1062064e+00
   1.8600000e+04   4.1062064e+00
   1.8650000e+04   4.0908100e+00
   1.8700000e+04   3.7966235e+00
   1.8750000e+04   3.7966235e+00
   1.8800000e+04   3.6807430e+00
   1.8850000e+04   3.6807430e+00
   1.8900000e+04   3.6807430e+00
   1.8950000e+04   3.6807430e+00
   1.9000000e+04   3.6807430e+00
   1.9050000e+04   3.6807430e+00
   1.9100000e+04   3.5472514e+00
   1.9150000e+04   3.5472514e+00
   1.9200000e+04   3.5472514e+00
   1.9250000e+04   3.5472514e+00
   1.9300000e+04   3.5472514e+00
   1.9350000e+04   3.5472514e+00
   1.9400000e+04   3.5472514e+00
   1.9450000e+04   3.5140686e+00
   1.9500000e+04   3.3723742e+00
   1.9550000e+04   3.3723742e+00
   1.9600000e+04   3.3495365e+00
   1.9650000e+04   3.3301985e+00
   1.9700000e+04   3.3301985e+00
   1.9750000e+04   3.1122447e+00
   1.9800000e+04   3.1122447e+00
   1.9850000e+04   3.1122447e+00
   1.9900000e+04   3.1122447e+00
   1.9950000e+04   3.1122447e+00
   2.0000000e+04   3.1122447e+00
   2.0050000e+04   3.1122447e+00
   2.0100000e+04   3.1122447e+00
   2.0150000e+04   3.1122447e+00
   2.0200000e+04   2.7772668e+00
   2.0250000e+04   2.7772668e+00
   2.0300000e+04   2.7772668e+00
   2.0350000e+04   2.7765756e+00
   2.0400000e+04   2.7765756e+00
   2.0450000e+04   2.7765756e+00
   2.0500000e+04   2.7765756e+00
   2.0550000e+04   2.7765756e+00
   2.0600000e+04   2.7765756e+00
   2.0650000e+04   2.7765756e+00
   2.0700000e+04   2.7765756e+00
   2.0750000e+04   2.7470942e+00
   2.0800000e+04   2.7470942e+00
   2.0850000e+04   2.7366203e+00
   2.0900000e+04   2.7366203e+00
   2.0950000e+04   2.7186735e+00
   2.1000000e+04   2.7059106e+00
   2.1050000e+04   2.7059106e+00
   2.1100000e+04   2.6995908e+00
   2.1150000e+04   2.6236176e+00
   2.1200000e+04   2.6236176e+00
   2.1250000e+04   2.6236176e+00
   2.1300000e+04   2.6236176e+00
   2.1350000e+04   2.6236176e+00
   2.1400000e+04   2.6236176e+00
   2.1450000e+04   2.6236176e+00
   2.1500000e+04   2.6236176e+00
   2.1550000e+04   2.6236176e+00
   2.1600000e+04   2.6236176e+00
   2.1650000e+04   2.5995479e+00
   2.1700000e+04   2.5995479e+00
   2.1750000e+04   2.5455734e+00
   2.1800000e+04   2.5455734e+00
   2.1850000e+04   2.5455734e+00
   2.1900000e+04   2.5036778e+00
   2.1950000e+04   2.5036778e+00
   2.2000000e+04   2.4465860e+00
   2.2050000e+04   2.4465860e+00
   2.2100000e+04   2.4156111e+00
   2.2150000e+04   2.4156111e+00
   2.2200000e+04   2.3040861e+00
   2.2250000e+04   2.3040861e+00
   2.2300000e+04   2.2937047e+00
   2.2350000e+04   2.2937047e+00
   2.2400000e+04   2.2528394e+00
   2.2450000e+04   2.2528394e+00
   2.2500000e+04   2.2461312e+00
   2.2550000e+04   2.2461312e+00
   2.2600000e+04   2.2458189e+00
   2.2650000e+04   2.2458189e+00
   2.2700000e+04   2.2194706e+00
   2.2750000e+04   2.2129311e+00
   2.2800000e+04   2.1838042e+00
   2.2850000e+04   2.1838042e+00
   2.2900000e+04   2.1838042e+00
   2.2950000e+04   2.1838042e+00
   2.3000000e+04   2.1838042e+00
   2.3050000e+04   2.1838042e+00
   2.3100000e+04   2.1838042e+00
   2.3150000e+04   2.1838042e+00
   2.3200000e+04   2.1716046e+00
   2.3250000e+04   2.0951094e+00
   2.3300000e+04   2.0951094e+00
   2.3350000e+04   2.0951094e+00
   2.3400000e+04   2.0951094e+00
   2.3450000e+04   2.0951094e+00
   2.3500000e+04   2.0759927e+00
   2.3550000e+04   2.0313541e+00
   2.3600000e+04   2.0313541e+00
   2.3650000e+04   2.0313541e+00
   2.3700000e+04   2.0284371e+00
   2.3750000e+04   2.0156682e+00
   2.3800000e+04   2.0139771e+00
   2.3850000e+04   2.0086156e+00
   2.3900000e+04   2.0086156e+00
   2.3950000e+04   2.0053210e+00
   2.4000000e+04   2.0053210e+00
   2.4050000e+04   1.9709729e+00
   2.4100000e+04   1.9709729e+00
   2.4150000e+04   1.9709729e+00
   2.4200000e+04   1.9473109e+00
   2.4250000e+04   1.9473109e+00
   2.4300000e+04   1.9473109e+00
   2.4350000e+04   1.9473109e+00
   2.4400000e+04   1.8929043e+00
   2.4450000e+04   1.8929043e+00
   2.4500000e+04   1.8641013e+00
   2.4550000e+04   1.8641013e+00
   2.4600000e+04   1.8641013e+00
   2.4650000e+04   1.8574032e+00
   2.4700000e+04   1.8574032e+00
   2.4750000e+04   1.8534306e+00
   2.4800000e+04   1.8534306e+00
   2.4850000e+04   1.8534306e+00
   2.4900000e+04   1.8324425e+00
   2.4950000e+04   1.8324425e+00
   2.5000000e+04   1.7777810e+00
   2.5050000e+04   1.7649618e+00
   2.5100000e+04   1.6956417e+00
   2.5150000e+04   1.6956417e+00
   2.5200000e+04   1.6956417e+00
   2.5250000e+04   1.6956417e+00
   2.5300000e+04   1.6956417e+00
   2.5350000e+04   1.6956417e+00
   2.5400000e+04   1.6956417e+00
   2.5450000e+04   1.6822461e+00
   2.5500000e+04   1.6350331e+00
   2.5550000e+04   1.6350331e+00
   2.5600000e+04   1.6350331e+00
   2.5650000e+04   1.6350331e+00
   2.5700000e+04   1.6350331e+00
   2.5750000e+04   1.6350331e+00
   2.5800000e+04   1.6350331e+00
   2.5850000e+04   1.6350331e+00
   2.5900000e+04   1.6325624e+00
   2.5950000e+04   1.6325624e+00
   2.6000000e+04   1.6235385e+00
   2.6050000e+04   1.6235385e+00
   2.6100000e+04   1.6235385e+00
   2.6150000e+04   1.6235385e+00
   2.6200000e+04   1.6235385e+00
   2.6250000e+04   1.6235385e+00
   2.6300000e+04   1.6122169e+00
   2.6350000e+04   1.6122169e+00
   2.6400000e+04   1.6110250e+00
   2.6450000e+04   1.6110250e+00
   2.6500000e+04   1.6110250e+00
   2.6550000e+04   1.6027472e+00
   2.6600000e+04   1.5996608e+00
   2.6650000e+04   1.5996608e+00
   2.6700000e+04   1.5996608e+00
   2.6750000e+04   1.5968045e+00
   2.6800000e+04   1.5891076e+00
   2.6850000e+04   1.5891076e+00
   2.6900000e+04   1.5891076e+00
   2.6950000e+04   1.5762489e+00
   2.7000000e+04   1.5762489e+00
   2.7050000e+04   1.5762489e+00
   2.7100000e+04   1.5559336e+00
   2.7150000e+04   1.5559336e+00
   2.7200000e+04   1.5438775e+00
   2.7250000e+04   1.5438775e+00
   2.7300000e+04   1.5438775e+00
   2.7350000e+04   1.5438775e+00
   2.7400000e+04   1.5438775e+00
   2.7450000e+04   1.5352620e+00
   2.7500000e+04   1.5352620e+00
   2.7550000e+04   1.5320526e+00
   2.7600000e+04   1.5309272e+00
   2.7650000e+04   1.5309272e+00
   2.7700000e+04   1.5309272e+00
   2.7750000e+04   1.5309272e+00
   2.7800000e+04   1.5188855e+00
   2.7850000e+04   1.5026627e+00
   2.7900000e+04   1.5026627e+00
   2.7950000e+04   1.5026627e+00
   2.8000000e+04   1.5026627e+00
   2.8050000e+04   1.5026627e+00
   2.8100000e+04   1.5026627e+00
   2.8150000e+04   1.5026627e+00
   2.8200000e+04   1.5023034e+00
   2.8250000e+04   1.4922084e+00
   2.8300000e+04   1.4922084e+00
   2.8350000e+04   1.4922084e+00
   2.8400000e+04   1.4922084e+00
   2.8450000e+04   1.4906067e+00
   2.8500000e+04   1.4803544e+00
   2.8550000e+04   1.4803544e+00
   2.8600000e+04   1.4803544e+00
   2.8650000e+04   1.4803544e+00
   2.8700000e+04   1.4803544e+00
   2.8750000e+04   1.4767747e+00
   2.8800000e+04   1.4767747e+00
   2.8850000e+04   1.4767747e+00
   2.8900000e+04   1.4672726e+00
   2.8950000e+04   1.4672726e+00
   2.9000000e+04   1.4672726e+00
   2.9050000e+04   1.4620409e+00
   2.9100000e+04   1.4620409e+00
   2.9150000e+04   1.4620409e+00
   2.9200000e+04   1.4620409e+00
   2.9250000e+04   1.4620409e+00
   2.9300000e+04   1.4620409e+00
   2.9350000e+04   1.4620409e+00
   2.9400000e+04   1.4620409e+00
   2.9450000e+04   1.4620409e+00
   2.9500000e+04   1.4620409e+00
   2.9550000e+04   1.4620409e+00
   2.9600000e+04   1.4620409e+00
   2.9650000e+04   1.4620409e+00
   2.9700000e+04   1.4620409e+00
   2.9750000e+04   1.4580078e+00
   2.9800000e+04   1.4566582e+00
   2.9850000e+04   1.4562084e+00
   2.9900000e+04   1.4540022e+00
   2.9950000e+04   1.4540022e+00
   3.0000000e+04   1.4532831e+00
   3.0050000e+04   1.4532831e+00
   3.0100000e+04   1.4516040e+00
   3.0150000e+04   1.4506423e+00
   3.0200000e+04   1.4506423e+00
   3.0250000e+04   1.4506423e+00
   3.0300000e+04   1.4461343e+00
   3.0350000e+04   1.4461343e+00
   3.0400000e+04   1.4461343e+00
   3.0450000e+04   1.4461343e+00
   3.0500000e+04   1.4461343e+00
   3.0550000e+04   1.4461343e+00
   3.0600000e+04   1.4461343e+00
   3.0650000e+04   1.4454785e+00
   3.0700000e+04   1.4454785e+00
   3.0750000e+04   1.4454785e+00
   3.0800000e+04   1.4454785e+00
   3.0850000e+04   1.4454785e+00
   3.0900000e+04   1.4423972e+00
   3.0950000e+04   1.4423972e+00
   3.1000000e+04   1.4423972e+00
   3.1050000e+04   1.4355665e+00
   3.1100000e+04   1.4355665e+00
   3.1150000e+04   1.4355665e+00
   3.1200000e+04   1.4355665e+00
   3.1250000e+04   1.4240312e+00
   3.1300000e+04   1.4240312e+00
   3.1350000e+04   1.4240312e+00
   3.1400000e+04   1.4240312e+00
   3.1450000e+04   1.4240312e+00
   3.1500000e+04   1.4240312e+00
   3.1550000e+04   1.4240312e+00
   3.1600000e+04   1.4240312e+00
   3.1650000e+04   1.4240312e+00
   3.1700000e+04   1.4240312e+00
   3.1750000e+04   1.4220986e+00
   3.1800000e+04   1.4220986e+00
   3.1850000e+04   1.4220986e+00
   3.1900000e+04   1.4215962e+00
   3.1950000e+04   1.4215962e+00
   3.2000000e+04   1.4215962e+00
   3.2050000e+04   1.4133241e+00
   3.2100000e+04   1.4133241e+00
   3.2150000e+04   1.4133241e+00
   3.2200000e+04   1.4133241e+00
   3.2250000e+04   1.4133241e+00
   3.2300000e+04   1.4076608e+00
   3.2350000e+04   1.4076608e+00
   3.2400000e+04   1.4076608e+00
   3.2450000e+04   1.4044828e+00
   3.2500000e+04   1.4044828e+00
   3.2550000e+04   1.4027276e+00
   3.2600000e+04   1.3925572e+00
   3.2650000e+04   1.3925572e+00
   3.2700000e+04   1.3925572e+00
   3.2750000e+04   1.3886213e+00
   3.2800000e+04   1.3886213e+00
   3.2850000e+04   1.3886213e+00
   3.2900000e+04   1.3886213e+00
   3.2950000e+04   1.3886213e+00
   3.3000000e+04   1.3886213e+00
   3.3050000e+04   1.3886213e+00
   3.3100000e+04   1.3881979e+00
   3.3150000e+04   1.3870695e+00
   3.3200000e+04   1.3839905e+00
   3.3250000e+04   1.3839905e+00
   3.3300000e+04   1.3839905e+00
   3.3350000e+04   1.3839905e+00
   3.3400000e+04   1.3817809e+00
   3.3450000e+04   1.3817809e+00
   3.3500000e+04   1.3801580e+00
   3.3550000e+04   1.3801580e+00
   3.3600000e+04   1.3795901e+00
   3.3650000e+04   1.3795825e+00
   3.3700000e+04   1.3786838e+00
   3.3750000e+04   1.3786838e+00
   3.3800000e+04   1.3786838e+00
   3.3850000e+04   1.3786838e+00
   3.3900000e+04   1.3780345e+00
   3.3950000e+04   1.3780345e+00
   3.4000000e+04   1.3780345e+00
   3.4050000e+04   1.3780345e+00
   3.4100000e+04   1.3780345e+00
   3.4150000e+04   1.3780345e+00
   3.4200000e+04   1.3780345e+00
   3.4250000e+04   1.3780345e+00
   3.4300000e+04   1.3780345e+00
   3.4350000e+04   1.3770778e+00
   3.4400000e+04   1.3770778e+00
   3.4450000e+04   1.3770778e+00
   3.4500000e+04   1.3770778e+00
   3.4550000e+04   1.3770778e+00
   3.4600000e+04   1.3770778e+00
   3.4650000e+04   1.3770778e+00
   3.4700000e+04   1.3770778e+00
   3.4750000e+04   1.3758923e+00
   3.4800000e+04   1.3758923e+00
   3.4850000e+04   1.3758923e+00
   3.4900000e+04   1.3758923e+00
   3.4950000e+04   1.3758923e+00
   3.5000000e+04   1.3753452e+00
   3.5050000e+04   1.3753452e+00
   3.5100000e+04   1.3739746e+00
   3.5150000e+04   1.3739746e+00
   3.5200000e+04   1.3739746e+00
   3.5250000e+04   1.3739746e+00
   3.5300000e+04   1.3739746e+00
   3.5350000e+04   1.3739746e+00
   3.5400000e+04   1.3739746e+00
   3.5450000e+04   1.3739746e+00
   3.5500000e+04   1.3736722e+00
   3.5550000e+04   1.3736722e+00
   3.5600000e+04   1.3730251e+00
   3.5650000e+04   1.3729212e+00
   3.5700000e+04   1.3722126e+00
   3.5750000e+04   1.3722126e+00
   3.5800000e+04   1.3722126e+00
   3.5850000e+04   1.3720445e+00
   3.5900000e+04   1.3720445e+00
   3.5950000e+04   1.3720445e+00
   3.6000000e+04   1.3713301e+00
   3.6050000e+04   1.3713301e+00
   3.6100000e+04   1.3713301e+00
   3.6150000e+04   1.3713301e+00
   3.6200000e+04   1.3713301e+00
   3.6250000e+04   1.3707836e+00
   3.6300000e+04   1.3701682e+00
   3.6350000e+04   1.3701682e+00
   3.6400000e+04   1.3701682e+00
   3.6450000e+04   1.3701179e+00
   3.6500000e+04   1.3701179e+00
   3.6550000e+04   1.3701179e+00
   3.6600000e+04   1.3701179e+00
   3.6650000e+04   1.3699972e+00
   3.6700000e+04   1.3699972e+00
   3.6750000e+04   1.3697321e+00
   3.6800000e+04   1.3695253e+00
   3.6850000e+04   1.3695253e+00
   3.6900000e+04   1.3695253e+00
   3.6950000e+04   1.3691147e+00
   3.7000000e+04   1.3690733e+00
   3.7050000e+04   1.3689728e+00
   3.7100000e+04   1.3688680e+00
   3.7150000e+04   1.3688680e+00
   3.7200000e+04   1.3684683e+00
   3.7250000e+04   1.3684683e+00
   3.7300000e+04   1.3684683e+00
   3.7350000e+04   1.3679240e+00
   3.7400000e+04   1.3679240e+00
   3.7450000e+04   1.3679005e+00
   3.7500000e+04   1.3679005e+00
   3.7550000e+04   1.3673125e+00
   3.7600000e+04   1.3669293e+00
   3.7650000e+04   1.3668377e+00
   3.7700000e+04   1.3668377e+00
   3.7750000e+04   1.3668377e+00
   3.7800000e+04   1.3668377e+00
   3.7850000e+04   1.3668377e+00
   3.7900000e+04   1.3661071e+00
   3.7950000e+04   1.3661071e+00
   3.8000000e+04   1.3661071e+00
   3.8050000e+04   1.3661071e+00
   3.8100000e+04   1.3661071e+00
   3.8150000e+04   1.3661071e+00
   3.8200000e+04   1.3661071e+00
   3.8250000e+04   1.3661071e+00
   3.8300000e+04   1.3661071e+00
   3.8350000e+04   1.3661071e+00
   3.8400000e+04   1.3659045e+00
   3.8450000e+04   1.3659045e+00
   3.8500000e+04   1.3659045e+00
   3.8550000e+04   1.3652362e+00
   3.8600000e+04   1.3649067e+00
   3.8650000e+04   1.3649067e+00
   3.8700000e+04   1.3649067e+00
   3.8750000e+04   1.3642597e+00
   3.8800000e+04   1.3638065e+00
   3.8850000e+04   1.3638065e+00
   3.8900000e+04   1.3638042e+00
   3.8950000e+04   1.3633972e+00
   3.9000000e+04   1.3626557e+00
   3.9050000e+04   1.3626376e+00
   3.9100000e+04   1.3623047e+00
   3.9150000e+04   1.3623047e+00
   3.9200000e+04   1.3623047e+00
   3.9250000e+04   1.3623047e+00
   3.9300000e+04   1.3623047e+00
   3.9350000e+04   1.3623047e+00
   3.9400000e+04   1.3615654e+00
   3.9450000e+04   1.3615654e+00
   3.9500000e+04   1.3613081e+00
   3.9550000e+04   1.3612208e+00
   3.9600000e+04   1.3612208e+00
   3.9650000e+04   1.3609262e+00
   3.9700000e+04   1.3602794e+00
   3.9750000e+04   1.3602794e+00
   3.9800000e+04   1.3602794e+00
   3.9850000e+04   1.3602794e+00
   3.9900000e+04   1.3599472e+00
   3.9950000e+04   1.3599472e+00
   4.0000000e+04   1.3599472e+00
   4.0050000e+04   1.3599472e+00
   4.0100000e+04   1.3599472e+00
   4.0150000e+04   1.3597566e+00
   4.0200000e+04   1.3596664e+00
   4.0250000e+04   1.3596664e+00
   4.0300000e+04   1.3596664e+00
   4.0350000e+04   1.3590669e+00
   4.0400000e+04   1.3586643e+00
   4.0450000e+04   1.3586643e+00
   4.0500000e+04   1.3586643e+00
   4.0550000e+04   1.3577764e+00
   4.0600000e+04   1.3577764e+00
   4.0650000e+04   1.3577764e+00
   4.0700000e+04   1.3577764e+00
   4.0750000e+04   1.3577764e+00
   4.0800000e+04   1.3574841e+00
   4.0850000e+04   1.3574841e+00
   4.0900000e+04   1.3574841e+00
   4.0950000e+04   1.3573459e+00
   4.1000000e+04   1.3573459e+00
   4.1050000e+04   1.3573459e+00
   4.1100000e+04   1.3562964e+00
   4.1150000e+04   1.3562964e+00
   4.1200000e+04   1.3562964e+00
   4.1250000e+04   1.3558211e+00
   4.1300000e+04   1.3558211e+00
   4.1350000e+04   1.3551114e+00
   4.1400000e+04   1.3551114e+00
   4.1450000e+04   1.3546699e+00
   4.1500000e+04   1.3546699e+00
   4.1550000e+04   1.3546699e+00
   4.1600000e+04   1.3546699e+00
   4.1650000e+04   1.3546699e+00
   4.1700000e+04   1.3546699e+00
   4.1750000e+04   1.3540889e+00
   4.1800000e+04   1.3540889e+00
   4.1850000e+04   1.3540889e+00
   4.1900000e+04   1.3540889e+00
   4.1950000e+04   1.3538991e+00
   4.2000000e+04   1.3525330e+00
   4.2050000e+04   1.3521252e+00
   4.2100000e+04   1.3521252e+00
   4.2150000e+04   1.3521252e+00
   4.2200000e+04   1.3511363e+00
   4.2250000e+04   1.3504928e+00
   4.2300000e+04   1.3504928e+00
   4.2350000e+04   1.3497171e+00
   4.2400000e+04   1.3497171e+00
   4.2450000e+04   1.3497171e+00
   4.2500000e+04   1.3497171e+00
   4.2550000e+04   1.3495345e+00
   4.2600000e+04   1.3495345e+00
   4.2650000e+04   1.3495345e+00
   4.2700000e+04   1.3495345e+00
   4.2750000e+04   1.3495345e+00
   4.2800000e+04   1.3483995e+00
   4.2850000e+04   1.3483995e+00
   4.2900000e+04   1.3465251e+00
   4.2950000e+04   1.3456253e+00
   4.3000000e+04   1.3456253e+00
   4.3050000e+04   1.3456253e+00
   4.3100000e+04   1.3456253e+00
   4.3150000e+04   1.3456253e+00
   4.3200000e+04   1.3454933e+00
   4.3250000e+04   1.3440842e+00
   4.3300000e+04   1.3440842e+00
   4.3350000e+04   1.3440842e+00
   4.3400000e+04   1.3440842e+00
   4.3450000e+04   1.3440842e+00
   4.3500000e+04   1.3440842e+00
   4.3550000e+04   1.3440842e+00
   4.3600000e+04   1.3432020e+00
   4.3650000e+04   1.3428181e+00
   4.3700000e+04   1.3428181e+00
   4.3750000e+04   1.3424697e+00
   4.3800000e+04   1.3424697e+00
   4.3850000e+04   1.3418701e+00
   4.3900000e+04   1.3401796e+00
   4.3950000e+04   1.3401796e+00
   4.4000000e+04   1.3401796e+00
   4.4050000e+04   1.3400025e+00
   4.4100000e+04   1.3387177e+00
   4.4150000e+04   1.3387177e+00
   4.4200000e+04   1.3387177e+00
   4.4250000e+04   1.3369232e+00
   4.4300000e+04   1.3369232e+00
   4.4350000e+04   1.3367594e+00
   4.4400000e+04   1.3367594e+00
   4.4450000e+04   1.3354441e+00
   4.4500000e+04   1.3348181e+00
   4.4550000e+04   1.3348181e+00
   4.4600000e+04   1.3348181e+00
   4.4650000e+04   1.3338510e+00
   4.4700000e+04   1.3336926e+00
   4.4750000e+04   1.3300286e+00
   4.4800000e+04   1.3300286e+00
   4.4850000e+04   1.3279874e+00
   4.4900000e+04   1.3274020e+00
   4.4950000e+04   1.3246245e+00
   4.5000000e+04   1.3246245e+00
   4.5050000e+04   1.3246245e+00
   4.5100000e+04   1.3224142e+00
   4.5150000e+04   1.3224142e+00
   4.5200000e+04   1.3224142e+00
   4.5250000e+04   1.3224142e+00
   4.5300000e+04   1.3202335e+00
   4.5350000e+04   1.3202335e+00
   4.5400000e+04   1.3200617e+00
   4.5450000e+04   1.3191454e+00
   4.5500000e+04   1.3189413e+00
   4.5550000e+04   1.3189413e+00
   4.5600000e+04   1.3189413e+00
   4.5650000e+04   1.3189413e+00
   4.5700000e+04   1.3189413e+00
   4.5750000e+04   1.3189413e+00
   4.5800000e+04   1.3184311e+00
   4.5850000e+04   1.3149202e+00
   4.5900000e+04   1.3149202e+00
   4.5950000e+04   1.3149202e+00
   4.6000000e+04   1.3132402e+00
   4.6050000e+04   1.3132402e+00
   4.6100000e+04   1.3132402e+00
   4.6150000e+04   1.3132402e+00
   4.6200000e+04   1.3132402e+00
   4.6250000e+04   1.3132402e+00
   4.6300000e+04   1.3128769e+00
   4.6350000e+04   1.3109392e+00
   4.6400000e+04   1.3109392e+00
   4.6450000e+04   1.3109392e+00
   4.6500000e+04   1.3109392e+00
   4.6550000e+04   1.3109233e+00
   4.6600000e+04   1.3039895e+00
   4.6650000e+04   1.3039895e+00
   4.6700000e+04   1.3039895e+00
   4.6750000e+04   1.3039895e+00
   4.6800000e+04   1.3039895e+00
   4.6850000e+04   1.3039895e+00
   4.6900000e+04   1.3039895e+00
   4.6950000e+04   1.3039895e+00
   4.7000000e+04   1.3039895e+00
   4.7050000e+04   1.3039895e+00
   4.7100000e+04   1.3039895e+00
   4.7150000e+04   1.3039895e+00
   4.7200000e+04   1.3039895e+00
   4.7250000e+04   1.3038802e+00
   4.7300000e+04   1.3038802e+00
   4.7350000e+04   1.3038802e+00
   4.7400000e+04   1.3038802e+00
   4.7450000e+04   1.3038802e+00
   4.7500000e+04   1.3035759e+00
   4.7550000e+04   1.3022919e+00
   4.7600000e+04   1.3022919e+00
   4.7650000e+04   1.3022919e+00
   4.7700000e+04   1.3022919e+00
   4.7750000e+04   1.3022919e+00
   4.7800000e+04   1.3022919e+00
   4.7850000e+04   1.3022647e+00
   4.7900000e+04   1.3022647e+00
   4.7950000e+04   1.3015891e+00
   4.8000000e+04   1.3009668e+00
   4.8050000e+04   1.3009668e+00
   4.8100000e+04   1.3003953e+00
   4.8150000e+04   1.2993189e+00
   4.8200000e+04   1.2993189e+00
   4.8250000e+04   1.2993189e+00
   4.8300000e+04   1.2993189e+00
   4.8350000e+04   1.2993189e+00
   4.8400000e+04   1.2993189e+00
   4.8450000e+04   1.2993189e+00
   4.8500000e+04   1.2993189e+00
   4.8550000e+04   1.2977035e+00
   4.8600000e+04   1.2977035e+00
   4.8650000e+04   1.2964578e+00
   4.8700000e+04   1.2964578e+00
   4.8750000e+04   1.2964578e+00
   4.8800000e+04   1.2964578e+00
   4.8850000e+04   1.2964578e+00
   4.8900000e+04   1.2964578e+00
   4.8950000e+04   1.2964578e+00
   4.9000000e+04   1.2964578e+00
   4.9050000e+04   1.2964578e+00
   4.9100000e+04   1.2964578e+00
   4.9150000e+04   1.2964578e+00
   4.9200000e+04   1.2962649e+00
   4.9250000e+04   1.2943325e+00
   4.9300000e+04   1.2942462e+00
   4.9350000e+04   1.2942462e+00
   4.9400000e+04   1.2942462e+00
   4.9450000e+04   1.2942462e+00
   4.9500000e+04   1.2920634e+00
   4.9550000e+04   1.2920634e+00
   4.9600000e+04   1.2920634e+00
   4.9650000e+04   1.2920634e+00
   4.9700000e+04   1.2920634e+00
   4.9750000e+04   1.2920634e+00
   4.9800000e+04   1.2920634e+00
   4.9850000e+04   1.2916368e+00
   4.9900000e+04   1.2903115e+00
   4.9950000e+04   1.2900783e+00
   5.0000000e+04   1.2900783e+00
   5.0000000e+04   1.2900783e+00
