   1.3721923e+01   5.0000000e+04   1.1485588e+01   4.6619505e+01  -4.3573441e-01  -1.2764257e-01   0.0000000e+00   0.0000000e+00   0.0000000e+00   0.0000000e+00
   4.0087930e+00   5.0000000e+04   1.1719147e+01   1.5729995e+00   2.3151643e+00   6.1197195e+00   0.0000000e+00   0.0000000e+00   0.0000000e+00   0.0000000e+00
   1.3722589e+01   5.0000000e+04   8.4340640e+00   1.5900729e+00   7.2072024e+00   9.5386760e+00   0.0000000e+00   0.0000000e+00   0.0000000e+00   0.0000000e+00
   4.1721700e+00   5.0000000e+04   5.3625020e+00   4.6603155e+01   1.2760800e+01   9.3140860e+00   0.0000000e+00   0.0000000e+00   0.0000000e+00   0.0000000e+00
   4.3390337e+00   5.0000000e+04   4.6302629e+00   1.1910771e+01   1.7588419e+01   5.7560728e+00   0.0000000e+00   0.0000000e+00   0.0000000e+00   0.0000000e+00
   1.8448904e+00   5.0000000e+04   3.9293652e+00   4.0847137e+00   2.0562509e+01   2.0507258e-01   0.0000000e+00   0.0000000e+00   0.0000000e+00   0.0000000e+00
   1.3721942e+01   5.0000000e+04   4.3518415e+00   1.0349552e+01   0.0000000e+00   0.0000000e+00   0.0000000e+00   0.0000000e+00   0.0000000e+00   0.0000000e+00
   1.3721927e+01   5.0000000e+04   4.2614088e+00  -4.2274931e+00   0.0000000e+00   0.0000000e+00   0.0000000e+00   0.0000000e+00   0.0000000e+00   0.0000000e+00
   3.0761209e+00   5.0000000e+04   4.1140612e+00   6.2828221e+00   0.0000000e+00   0.0000000e+00   0.0000000e+00   0.0000000e+00   0.0000000e+00   0.0000000e+00
   3.0125306e+00   5.0000000e+04   3.7878194e+00   0.0000000e+00   0.0000000e+00   0.0000000e+00   0.0000000e+00   0.0000000e+00   0.0000000e+00   0.0000000e+00
   1.3722108e+01   5.0000000e+04   4.2639356e+00   0.0000000e+00   0.0000000e+00   0.0000000e+00   0.0000000e+00   0.0000000e+00   0.0000000e+00   0.0000000e+00
   4.7063376e+00   5.0000000e+04   3.9022361e+00   0.0000000e+00   0.0000000e+00   0.0000000e+00   0.0000000e+00   0.0000000e+00   0.0000000e+00   0.0000000e+00
   5.8938937e+00   5.0000000e+04   4.3814399e+00   0.0000000e+00   0.0000000e+00   0.0000000e+00   0.0000000e+00   0.0000000e+00   0.0000000e+00   0.0000000e+00
   5.7688219e+00   5.0000000e+04   3.9335661e+00   0.0000000e+00   0.0000000e+00   0.0000000e+00   0.0000000e+00   0.0000000e+00   0.0000000e+00   0.0000000e+00
   4.8522783e+00   5.0000000e+04   3.7168164e+00   0.0000000e+00   0.0000000e+00   0.0000000e+00   0.0000000e+00   0.0000000e+00   0.0000000e+00   0.0000000e+00
   3.9368377e+00   5.0000000e+04   4.2284676e+00   0.0000000e+00   0.0000000e+00   0.0000000e+00   0.0000000e+00   0.0000000e+00   0.0000000e+00   0.0000000e+00
   4.7281636e+00   5.0000000e+04   4.3089434e+00   0.0000000e+00   0.0000000e+00   0.0000000e+00   0.0000000e+00   0.0000000e+00   0.0000000e+00   0.0000000e+00
   6.3944990e+00   5.0000000e+04   4.2872927e+00   0.0000000e+00   0.0000000e+00   0.0000000e+00   0.0000000e+00   0.0000000e+00   0.0000000e+00   0.0000000e+00
   1.3736388e+01   5.0000000e+04   4.0913782e+00   0.0000000e+00   0.0000000e+00   0.0000000e+00   0.0000000e+00   0.0000000e+00   0.0000000e+00   0.0000000e+00
   3.7024566e+00   5.0000000e+04   4.0971947e+00   0.0000000e+00   0.0000000e+00   0.0000000e+00   0.0000000e+00   0.0000000e+00   0.0000000e+00   0.0000000e+00
   4.8384545e+00   5.0000000e+04   3.7666597e+00   0.0000000e+00   0.0000000e+00   0.0000000e+00   0.0000000e+00   0.0000000e+00   0.0000000e+00   0.0000000e+00
   4.7930963e+00   5.0000000e+04   4.3879097e+00   0.0000000e+00   0.0000000e+00   0.0000000e+00   0.0000000e+00   0.0000000e+00   0.0000000e+00   0.0000000e+00
   4.4785241e+00   5.0000000e+04   4.0452849e+00   0.0000000e+00   0.0000000e+00   0.0000000e+00   0.0000000e+00   0.0000000e+00   0.0000000e+00   0.0000000e+00
   1.8411022e+00   5.0000000e+04   5.1102156e+00   0.0000000e+00   0.0000000e+00   0.0000000e+00   0.0000000e+00   0.0000000e+00   0.0000000e+00   0.0000000e+00
   5.7810070e+00   5.0000000e+04   5.2985750e+00   0.0000000e+00   0.0000000e+00   0.0000000e+00   0.0000000e+00   0.0000000e+00   0.0000000e+00   0.0000000e+00
   1.3725039e+01   5.0000000e+04   6.6725135e+00   0.0000000e+00   0.0000000e+00   0.0000000e+00   0.0000000e+00   0.0000000e+00   0.0000000e+00   0.0000000e+00
   4.9959944e+00   5.0000000e+04   5.1913108e+00   0.0000000e+00   0.0000000e+00   0.0000000e+00   0.0000000e+00   0.0000000e+00   0.0000000e+00   0.0000000e+00
   1.3721923e+01   5.0000000e+04   6.6665367e+00   0.0000000e+00   0.0000000e+00   0.0000000e+00   0.0000000e+00   0.0000000e+00   0.0000000e+00   0.0000000e+00
   1.3725823e+01   5.0000000e+04   4.1788651e+00   0.0000000e+00   0.0000000e+00   0.0000000e+00   0.0000000e+00   0.0000000e+00   0.0000000e+00   0.0000000e+00
   5.0862689e+00   5.0000000e+04   5.3426811e+00   0.0000000e+00   0.0000000e+00   0.0000000e+00   0.0000000e+00   0.0000000e+00   0.0000000e+00   0.0000000e+00
   1.3721945e+01   5.0000000e+04   5.0243066e+00   0.0000000e+00   0.0000000e+00   0.0000000e+00   0.0000000e+00   0.0000000e+00   0.0000000e+00   0.0000000e+00
   6.3661089e+00   5.0000000e+04   8.1390443e+00   0.0000000e+00   0.0000000e+00   0.0000000e+00   0.0000000e+00   0.0000000e+00   0.0000000e+00   0.0000000e+00
   6.4523365e+00   5.0000000e+04   4.9180001e+00   0.0000000e+00   0.0000000e+00   0.0000000e+00   0.0000000e+00   0.0000000e+00   0.0000000e+00   0.0000000e+00
   6.4781752e+00   5.0000000e+04   6.9182645e+00   0.0000000e+00   0.0000000e+00   0.0000000e+00   0.0000000e+00   0.0000000e+00   0.0000000e+00   0.0000000e+00
   1.3721975e+01   5.0000000e+04   5.7040810e+00   0.0000000e+00   0.0000000e+00   0.0000000e+00   0.0000000e+00   0.0000000e+00   0.0000000e+00   0.0000000e+00
   4.7432540e+00   5.0000000e+04   5.3893738e+00   0.0000000e+00   0.0000000e+00   0.0000000e+00   0.0000000e+00   0.0000000e+00   0.0000000e+00   0.0000000e+00
   6.4972397e+00   5.0000000e+04   3.9028984e+00   0.0000000e+00   0.0000000e+00   0.0000000e+00   0.0000000e+00   0.0000000e+00   0.0000000e+00   0.0000000e+00
   7.7955469e+00   5.0000000e+04   3.5193304e+00   0.0000000e+00   0.0000000e+00   0.0000000e+00   0.0000000e+00   0.0000000e+00   0.0000000e+00   0.0000000e+00
   3.9865094e+00   5.0000000e+04   3.4809341e+00   0.0000000e+00   0.0000000e+00   0.0000000e+00   0.0000000e+00   0.0000000e+00   0.0000000e+00   0.0000000e+00
   4.4118261e+00   5.0000000e+04   4.2746273e+00   0.0000000e+00   0.0000000e+00   0.0000000e+00   0.0000000e+00   0.0000000e+00   0.0000000e+00   0.0000000e+00
   4.6666599e+00   5.0000000e+04   6.6981119e+00   0.0000000e+00   0.0000000e+00   0.0000000e+00   0.0000000e+00   0.0000000e+00   0.0000000e+00   0.0000000e+00
   4.7858316e+00   5.0000000e+04   5.4096606e+00   0.0000000e+00   0.0000000e+00   0.0000000e+00   0.0000000e+00   0.0000000e+00   0.0000000e+00   0.0000000e+00
   1.4028193e+01   5.0000000e+04   4.1082216e+00   0.0000000e+00   0.0000000e+00   0.0000000e+00   0.0000000e+00   0.0000000e+00   0.0000000e+00   0.0000000e+00
   5.8407415e+00   5.0000000e+04   3.9688339e+00   0.0000000e+00   0.0000000e+00   0.0000000e+00   0.0000000e+00   0.0000000e+00   0.0000000e+00   0.0000000e+00
   1.3721929e+01   5.0000000e+04   9.4957324e+00   0.0000000e+00   0.0000000e+00   0.0000000e+00   0.0000000e+00   0.0000000e+00   0.0000000e+00   0.0000000e+00
   1.3722251e+01   5.0000000e+04   7.2723547e+00   0.0000000e+00   0.0000000e+00   0.0000000e+00   0.0000000e+00   0.0000000e+00   0.0000000e+00   0.0000000e+00
   1.2900783e+00   5.0000000e+04   5.0450798e+00   0.0000000e+00   0.0000000e+00   0.0000000e+00   0.0000000e+00   0.0000000e+00   0.0000000e+00   0.0000000e+00
   6.4808848e+00   5.0000000e+04   5.2021114e+00   0.0000000e+00   0.0000000e+00   0.0000000e+00   0.0000000e+00   0.0000000e+00   0.0000000e+00   0.0000000e+00
   4.3739776e+00   5.0000000e+04   5.2691096e+00   0.0000000e+00   0.0000000e+00   0.0000000e+00   0.0000000e+00   0.0000000e+00   0.0000000e+00   0.0000000e+00
   1.3721968e+01   5.0000000e+04   5.3858946e+00   0.0000000e+00   0.0000000e+00   0.0000000e+00   0.0000000e+00   0.0000000e+00   0.0000000e+00   0.0000000e+00
   1.2900783e+00   0.0000000e+00   0.0000000e+00   0.0000000e+00   0.0000000e+00   0.0000000e+00   0.0000000e+00   0.0000000e+00   0.0000000e+00   0.0000000e+00
   5.0000000e+04   0.0000000e+00   0.0000000e+00   0.0000000e+00   0.0000000e+00   0.0000000e+00   0.0000000e+00   0.0000000e+00   0.0000000e+00   0.0000000e+00
   1.4028193e+01   0.0000000e+00   0.0000000e+00   0.0000000e+00   0.0000000e+00   0.0000000e+00   0.0000000e+00   0.0000000e+00   0.0000000e+00   0.0000000e+00
   7.4515674e+00   0.0000000e+00   0.0000000e+00   0.0000000e+00   0.0000000e+00   0.0000000e+00   0.0000000e+00   0.0000000e+00   0.0000000e+00   0.0000000e+00
   4.3289518e+00   0.0000000e+00   0.0000000e+00   0.0000000e+00   0.0000000e+00   0.0000000e+00   0.0000000e+00   0.0000000e+00   0.0000000e+00   0.0000000e+00
