   4.6710244e+00   5.0000000e+04   4.9015115e+00   4.9999980e+01  -4.4597731e-01  -1.1845782e-01   0.0000000e+00   0.0000000e+00   0.0000000e+00   0.0000000e+00
   2.6176718e+00   5.0000000e+04   4.9154504e+00   1.3484315e+00   2.3428022e+00   6.1047034e+00   0.0000000e+00   0.0000000e+00   0.0000000e+00   0.0000000e+00
   4.0038397e+00   5.0000000e+04   4.7978453e+00   1.3484507e+00   7.2521937e+00   9.4893177e+00   0.0000000e+00   0.0000000e+00   0.0000000e+00   0.0000000e+00
   1.0500936e+01   5.0000000e+04   4.6642416e+00   5.0000000e+01   1.2800246e+01   9.3105286e+00   0.0000000e+00   0.0000000e+00   0.0000000e+00   0.0000000e+00
   5.9411644e+00   5.0000000e+04   5.1624832e+00   1.1384434e+01   1.7571148e+01   5.8409095e+00   0.0000000e+00   0.0000000e+00   0.0000000e+00   0.0000000e+00
   4.0038392e+00   5.0000000e+04   5.3107347e+00   4.4424357e+00   2.0479179e+01   1.4997903e-01   0.0000000e+00   0.0000000e+00   0.0000000e+00   0.0000000e+00
   4.0038402e+00   5.0000000e+04   5.2772258e+00   1.0194752e+01   0.0000000e+00   0.0000000e+00   0.0000000e+00   0.0000000e+00   0.0000000e+00   0.0000000e+00
   1.3721922e+01   5.0000000e+04   4.6212773e+00  -3.6941340e+00   0.0000000e+00   0.0000000e+00   0.0000000e+00   0.0000000e+00   0.0000000e+00   0.0000000e+00
   1.8965406e+00   5.0000000e+04   4.5689399e+00   6.2158799e+00   0.0000000e+00   0.0000000e+00   0.0000000e+00   0.0000000e+00   0.0000000e+00   0.0000000e+00
   5.3829862e+00   5.0000000e+04   4.5891676e+00   0.0000000e+00   0.0000000e+00   0.0000000e+00   0.0000000e+00   0.0000000e+00   0.0000000e+00   0.0000000e+00
   4.0038391e+00   5.0000000e+04   4.6505548e+00   0.0000000e+00   0.0000000e+00   0.0000000e+00   0.0000000e+00   0.0000000e+00   0.0000000e+00   0.0000000e+00
   5.9138154e+00   5.0000000e+04   4.5205489e+00   0.0000000e+00   0.0000000e+00   0.0000000e+00   0.0000000e+00   0.0000000e+00   0.0000000e+00   0.0000000e+00
   1.2559945e+00   5.0000000e+04   4.5834159e+00   0.0000000e+00   0.0000000e+00   0.0000000e+00   0.0000000e+00   0.0000000e+00   0.0000000e+00   0.0000000e+00
   1.1775088e+02   5.0000000e+04   4.6811358e+00   0.0000000e+00   0.0000000e+00   0.0000000e+00   0.0000000e+00   0.0000000e+00   0.0000000e+00   0.0000000e+00
   3.0771135e+00   5.0000000e+04   4.6202424e+00   0.0000000e+00   0.0000000e+00   0.0000000e+00   0.0000000e+00   0.0000000e+00   0.0000000e+00   0.0000000e+00
   5.0564084e+00   5.0000000e+04   4.9976412e+00   0.0000000e+00   0.0000000e+00   0.0000000e+00   0.0000000e+00   0.0000000e+00   0.0000000e+00   0.0000000e+00
   7.1631990e+01   5.0000000e+04   4.7861905e+00   0.0000000e+00   0.0000000e+00   0.0000000e+00   0.0000000e+00   0.0000000e+00   0.0000000e+00   0.0000000e+00
   4.6835232e+00   5.0000000e+04   4.5683044e+00   0.0000000e+00   0.0000000e+00   0.0000000e+00   0.0000000e+00   0.0000000e+00   0.0000000e+00   0.0000000e+00
   1.1775087e+02   5.0000000e+04   4.7396703e+00   0.0000000e+00   0.0000000e+00   0.0000000e+00   0.0000000e+00   0.0000000e+00   0.0000000e+00   0.0000000e+00
   1.3741569e+01   5.0000000e+04   4.6261080e+00   0.0000000e+00   0.0000000e+00   0.0000000e+00   0.0000000e+00   0.0000000e+00   0.0000000e+00   0.0000000e+00
   1.1775091e+02   5.0000000e+04   4.6067354e+00   0.0000000e+00   0.0000000e+00   0.0000000e+00   0.0000000e+00   0.0000000e+00   0.0000000e+00   0.0000000e+00
   1.3721922e+01   5.0000000e+04   4.6469988e+00   0.0000000e+00   0.0000000e+00   0.0000000e+00   0.0000000e+00   0.0000000e+00   0.0000000e+00   0.0000000e+00
   1.2162122e+00   5.0000000e+04   4.6674733e+00   0.0000000e+00   0.0000000e+00   0.0000000e+00   0.0000000e+00   0.0000000e+00   0.0000000e+00   0.0000000e+00
   5.2019290e+00   5.0000000e+04   4.5573136e+00   0.0000000e+00   0.0000000e+00   0.0000000e+00   0.0000000e+00   0.0000000e+00   0.0000000e+00   0.0000000e+00
   1.3684174e+00   5.0000000e+04   4.6604882e+00   0.0000000e+00   0.0000000e+00   0.0000000e+00   0.0000000e+00   0.0000000e+00   0.0000000e+00   0.0000000e+00
   1.3721922e+01   5.0000000e+04   4.5413114e+00   0.0000000e+00   0.0000000e+00   0.0000000e+00   0.0000000e+00   0.0000000e+00   0.0000000e+00   0.0000000e+00
   4.4212869e+02   5.0000000e+04   4.5392802e+00   0.0000000e+00   0.0000000e+00   0.0000000e+00   0.0000000e+00   0.0000000e+00   0.0000000e+00   0.0000000e+00
   6.2984450e+00   5.0000000e+04   4.8036749e+00   0.0000000e+00   0.0000000e+00   0.0000000e+00   0.0000000e+00   0.0000000e+00   0.0000000e+00   0.0000000e+00
   4.0038395e+00   5.0000000e+04   4.7686048e+00   0.0000000e+00   0.0000000e+00   0.0000000e+00   0.0000000e+00   0.0000000e+00   0.0000000e+00   0.0000000e+00
   7.1631990e+01   5.0000000e+04   4.6662249e+00   0.0000000e+00   0.0000000e+00   0.0000000e+00   0.0000000e+00   0.0000000e+00   0.0000000e+00   0.0000000e+00
   6.7741600e+00   5.0000000e+04   4.5101005e+00   0.0000000e+00   0.0000000e+00   0.0000000e+00   0.0000000e+00   0.0000000e+00   0.0000000e+00   0.0000000e+00
   8.1803115e+00   5.0000000e+04   4.6929633e+00   0.0000000e+00   0.0000000e+00   0.0000000e+00   0.0000000e+00   0.0000000e+00   0.0000000e+00   0.0000000e+00
   1.3721922e+01   5.0000000e+04   4.5378497e+00   0.0000000e+00   0.0000000e+00   0.0000000e+00   0.0000000e+00   0.0000000e+00   0.0000000e+00   0.0000000e+00
   4.0038402e+00   5.0000000e+04   4.8635328e+00   0.0000000e+00   0.0000000e+00   0.0000000e+00   0.0000000e+00   0.0000000e+00   0.0000000e+00   0.0000000e+00
   1.1775088e+02   5.0000000e+04   4.5211625e+00   0.0000000e+00   0.0000000e+00   0.0000000e+00   0.0000000e+00   0.0000000e+00   0.0000000e+00   0.0000000e+00
   2.1442213e+00   5.0000000e+04   4.5992343e+00   0.0000000e+00   0.0000000e+00   0.0000000e+00   0.0000000e+00   0.0000000e+00   0.0000000e+00   0.0000000e+00
   3.0715152e+00   5.0000000e+04   4.5788404e+00   0.0000000e+00   0.0000000e+00   0.0000000e+00   0.0000000e+00   0.0000000e+00   0.0000000e+00   0.0000000e+00
   1.2541086e+00   5.0000000e+04   5.0059420e+00   0.0000000e+00   0.0000000e+00   0.0000000e+00   0.0000000e+00   0.0000000e+00   0.0000000e+00   0.0000000e+00
   9.1790666e+00   5.0000000e+04   4.7638424e+00   0.0000000e+00   0.0000000e+00   0.0000000e+00   0.0000000e+00   0.0000000e+00   0.0000000e+00   0.0000000e+00
   5.4172569e+00   5.0000000e+04   4.5844187e+00   0.0000000e+00   0.0000000e+00   0.0000000e+00   0.0000000e+00   0.0000000e+00   0.0000000e+00   0.0000000e+00
   1.4554863e+01   5.0000000e+04   4.7390324e+00   0.0000000e+00   0.0000000e+00   0.0000000e+00   0.0000000e+00   0.0000000e+00   0.0000000e+00   0.0000000e+00
   3.0100232e+00   5.0000000e+04   4.5250310e+00   0.0000000e+00   0.0000000e+00   0.0000000e+00   0.0000000e+00   0.0000000e+00   0.0000000e+00   0.0000000e+00
   4.5877867e+00   5.0000000e+04   4.5401200e+00   0.0000000e+00   0.0000000e+00   0.0000000e+00   0.0000000e+00   0.0000000e+00   0.0000000e+00   0.0000000e+00
   3.4553579e+00   5.0000000e+04   4.5582799e+00   0.0000000e+00   0.0000000e+00   0.0000000e+00   0.0000000e+00   0.0000000e+00   0.0000000e+00   0.0000000e+00
   4.6052727e+00   5.0000000e+04   4.7261903e+00   0.0000000e+00   0.0000000e+00   0.0000000e+00   0.0000000e+00   0.0000000e+00   0.0000000e+00   0.0000000e+00
   1.2623839e+00   5.0000000e+04   4.7791260e+00   0.0000000e+00   0.0000000e+00   0.0000000e+00   0.0000000e+00   0.0000000e+00   0.0000000e+00   0.0000000e+00
   1.3163997e+01   5.0000000e+04   4.6578812e+00   0.0000000e+00   0.0000000e+00   0.0000000e+00   0.0000000e+00   0.0000000e+00   0.0000000e+00   0.0000000e+00
   4.2288821e+00   5.0000000e+04   4.6690902e+00   0.0000000e+00   0.0000000e+00   0.0000000e+00   0.0000000e+00   0.0000000e+00   0.0000000e+00   0.0000000e+00
   1.5075594e+00   5.0000000e+04   4.6923792e+00   0.0000000e+00   0.0000000e+00   0.0000000e+00   0.0000000e+00   0.0000000e+00   0.0000000e+00   0.0000000e+00
   2.6934165e+00   5.0000000e+04   4.6738844e+00   0.0000000e+00   0.0000000e+00   0.0000000e+00   0.0000000e+00   0.0000000e+00   0.0000000e+00   0.0000000e+00
   1.2162122e+00   2.3000000e+01   0.0000000e+00   0.0000000e+00   0.0000000e+00   0.0000000e+00   0.0000000e+00   0.0000000e+00   0.0000000e+00   0.0000000e+00
   5.0000000e+04   0.0000000e+00   0.0000000e+00   0.0000000e+00   0.0000000e+00   0.0000000e+00   0.0000000e+00   0.0000000e+00   0.0000000e+00   0.0000000e+00
   4.4212869e+02   0.0000000e+00   0.0000000e+00   0.0000000e+00   0.0000000e+00   0.0000000e+00   0.0000000e+00   0.0000000e+00   0.0000000e+00   0.0000000e+00
   2.6064417e+01   0.0000000e+00   0.0000000e+00   0.0000000e+00   0.0000000e+00   0.0000000e+00   0.0000000e+00   0.0000000e+00   0.0000000e+00   0.0000000e+00
   6.8416709e+01   0.0000000e+00   0.0000000e+00   0.0000000e+00   0.0000000e+00   0.0000000e+00   0.0000000e+00   0.0000000e+00   0.0000000e+00   0.0000000e+00
