   9.9045178e-01   1.0000000e+05   7.3887790e+00   4.9918156e+01   1.3036743e-01  -1.4751282e-01   0.0000000e+00   0.0000000e+00   0.0000000e+00   0.0000000e+00
   9.8825300e-01   1.0000000e+05   7.3527578e+00   4.8439293e-01   1.5356155e+00   5.8833591e+00   0.0000000e+00   0.0000000e+00   0.0000000e+00   0.0000000e+00
   6.2107963e-01   1.0000000e+05   6.9884754e+00   4.0254851e-01   7.2141434e+00   9.8347336e+00   0.0000000e+00   0.0000000e+00   0.0000000e+00   0.0000000e+00
   9.8970702e-01   1.0000000e+05   7.0304143e+00   5.0000000e+01   1.3211768e+01   9.2840912e+00   0.0000000e+00   0.0000000e+00   0.0000000e+00   0.0000000e+00
   1.3721922e+01   1.0000000e+05   6.7782309e+00   3.5029690e+00   1.7880856e+01   5.6422287e+00   0.0000000e+00   0.0000000e+00   0.0000000e+00   0.0000000e+00
   9.9045149e-01   1.0000000e+05   6.9081937e+00  -9.3489761e+00   2.0026850e+01   2.8009992e-01   0.0000000e+00   0.0000000e+00   0.0000000e+00   0.0000000e+00
   1.1579529e+01   1.0000000e+05   7.0712194e+00   1.0205604e+01   0.0000000e+00   0.0000000e+00   0.0000000e+00   0.0000000e+00   0.0000000e+00   0.0000000e+00
   9.9045149e-01   1.0000000e+05   6.9843139e+00   3.8674607e-02   0.0000000e+00   0.0000000e+00   0.0000000e+00   0.0000000e+00   0.0000000e+00   0.0000000e+00
   9.9045149e-01   1.0000000e+05   6.9454835e+00   1.2830622e+00   0.0000000e+00   0.0000000e+00   0.0000000e+00   0.0000000e+00   0.0000000e+00   0.0000000e+00
   1.3721922e+01   1.0000000e+05   6.8313766e+00   0.0000000e+00   0.0000000e+00   0.0000000e+00   0.0000000e+00   0.0000000e+00   0.0000000e+00   0.0000000e+00
   9.9045149e-01   1.0000000e+05   7.2512090e+00   0.0000000e+00   0.0000000e+00   0.0000000e+00   0.0000000e+00   0.0000000e+00   0.0000000e+00   0.0000000e+00
   9.9045149e-01   1.0000000e+05   6.9814429e+00   0.0000000e+00   0.0000000e+00   0.0000000e+00   0.0000000e+00   0.0000000e+00   0.0000000e+00   0.0000000e+00
   1.3721922e+01   1.0000000e+05   6.7721397e+00   0.0000000e+00   0.0000000e+00   0.0000000e+00   0.0000000e+00   0.0000000e+00   0.0000000e+00   0.0000000e+00
   9.8970702e-01   1.0000000e+05   7.0676546e+00   0.0000000e+00   0.0000000e+00   0.0000000e+00   0.0000000e+00   0.0000000e+00   0.0000000e+00   0.0000000e+00
   9.9045150e-01   1.0000000e+05   6.9157037e+00   0.0000000e+00   0.0000000e+00   0.0000000e+00   0.0000000e+00   0.0000000e+00   0.0000000e+00   0.0000000e+00
   9.9045149e-01   1.0000000e+05   6.9731513e+00   0.0000000e+00   0.0000000e+00   0.0000000e+00   0.0000000e+00   0.0000000e+00   0.0000000e+00   0.0000000e+00
   9.9045149e-01   1.0000000e+05   6.9308294e+00   0.0000000e+00   0.0000000e+00   0.0000000e+00   0.0000000e+00   0.0000000e+00   0.0000000e+00   0.0000000e+00
   1.3721922e+01   1.0000000e+05   6.7219086e+00   0.0000000e+00   0.0000000e+00   0.0000000e+00   0.0000000e+00   0.0000000e+00   0.0000000e+00   0.0000000e+00
   9.9045149e-01   1.0000000e+05   6.9896741e+00   0.0000000e+00   0.0000000e+00   0.0000000e+00   0.0000000e+00   0.0000000e+00   0.0000000e+00   0.0000000e+00
   9.9045149e-01   1.0000000e+05   6.8925533e+00   0.0000000e+00   0.0000000e+00   0.0000000e+00   0.0000000e+00   0.0000000e+00   0.0000000e+00   0.0000000e+00
   6.2107963e-01   3.0000000e+00   0.0000000e+00   0.0000000e+00   0.0000000e+00   0.0000000e+00   0.0000000e+00   0.0000000e+00   0.0000000e+00   0.0000000e+00
   1.0000000e+05   0.0000000e+00   0.0000000e+00   0.0000000e+00   0.0000000e+00   0.0000000e+00   0.0000000e+00   0.0000000e+00   0.0000000e+00   0.0000000e+00
   1.3721922e+01   0.0000000e+00   0.0000000e+00   0.0000000e+00   0.0000000e+00   0.0000000e+00   0.0000000e+00   0.0000000e+00   0.0000000e+00   0.0000000e+00
   4.0475466e+00   0.0000000e+00   0.0000000e+00   0.0000000e+00   0.0000000e+00   0.0000000e+00   0.0000000e+00   0.0000000e+00   0.0000000e+00   0.0000000e+00
   5.4950207e+00   0.0000000e+00   0.0000000e+00   0.0000000e+00   0.0000000e+00   0.0000000e+00   0.0000000e+00   0.0000000e+00   0.0000000e+00   0.0000000e+00
