   1.0000000e+02   6.2557543e+04
   2.0000000e+02   1.5645223e+04
   3.0000000e+02   1.5645223e+04
   4.0000000e+02   1.5645223e+04
   5.0000000e+02   1.3135888e+04
   6.0000000e+02   1.3135888e+04
   7.0000000e+02   1.3135888e+04
   8.0000000e+02   2.1107965e+03
   9.0000000e+02   2.1107965e+03
   1.0000000e+03   2.1107965e+03
   1.1000000e+03   2.1107965e+03
   1.2000000e+03   1.7598146e+03
   1.3000000e+03   1.7598146e+03
   1.4000000e+03   1.7598146e+03
   1.5000000e+03   9.8824825e+02
   1.6000000e+03   9.8824825e+02
   1.7000000e+03   9.8824825e+02
   1.8000000e+03   9.8824825e+02
   1.9000000e+03   9.8824825e+02
   2.0000000e+03   7.8603071e+02
   2.1000000e+03   6.5289222e+02
   2.2000000e+03   6.5289222e+02
   2.3000000e+03   6.5289222e+02
   2.4000000e+03   6.5289222e+02
   2.5000000e+03   6.4621763e+02
   2.6000000e+03   6.2420560e+02
   2.7000000e+03   6.2420560e+02
   2.8000000e+03   6.2420560e+02
   2.9000000e+03   6.2420560e+02
   3.0000000e+03   5.3024053e+02
   3.1000000e+03   5.3024053e+02
   3.2000000e+03   5.3024053e+02
   3.3000000e+03   4.4655217e+02
   3.4000000e+03   4.1259370e+02
   3.5000000e+03   4.1259370e+02
   3.6000000e+03   3.0294603e+02
   3.7000000e+03   3.0294603e+02
   3.8000000e+03   3.0294603e+02
   3.9000000e+03   2.7240848e+02
   4.0000000e+03   2.7240848e+02
   4.1000000e+03   2.7240848e+02
   4.2000000e+03   2.7240848e+02
   4.3000000e+03   2.1969603e+02
   4.4000000e+03   2.0769366e+02
   4.5000000e+03   2.0769366e+02
   4.6000000e+03   1.8633948e+02
   4.7000000e+03   1.8633948e+02
   4.8000000e+03   1.7518325e+02
   4.9000000e+03   1.7518325e+02
   5.0000000e+03   1.7518325e+02
   5.1000000e+03   1.4457091e+02
   5.2000000e+03   1.4457091e+02
   5.3000000e+03   4.6477151e+01
   5.4000000e+03   2.7723477e+01
   5.5000000e+03   2.7723477e+01
   5.6000000e+03   2.7723477e+01
   5.7000000e+03   2.7723477e+01
   5.8000000e+03   2.7723477e+01
   5.9000000e+03   2.7723477e+01
   6.0000000e+03   2.7723477e+01
   6.1000000e+03   2.7723477e+01
   6.2000000e+03   2.7723477e+01
   6.3000000e+03   2.7723477e+01
   6.4000000e+03   2.5788288e+01
   6.5000000e+03   2.0966281e+01
   6.6000000e+03   2.0966281e+01
   6.7000000e+03   2.0966281e+01
   6.8000000e+03   1.8090264e+01
   6.9000000e+03   1.8090264e+01
   7.0000000e+03   1.8090264e+01
   7.1000000e+03   1.7574744e+01
   7.2000000e+03   1.7574744e+01
   7.3000000e+03   1.7574744e+01
   7.4000000e+03   1.7574744e+01
   7.5000000e+03   1.6942962e+01
   7.6000000e+03   1.4381899e+01
   7.7000000e+03   1.4381899e+01
   7.8000000e+03   1.3268018e+01
   7.9000000e+03   1.3268018e+01
   8.0000000e+03   1.3268018e+01
   8.1000000e+03   1.3172452e+01
   8.2000000e+03   1.2469643e+01
   8.3000000e+03   1.2191876e+01
   8.4000000e+03   1.1498767e+01
   8.5000000e+03   1.0128982e+01
   8.6000000e+03   8.8670685e+00
   8.7000000e+03   7.9169513e+00
   8.8000000e+03   7.9169513e+00
   8.9000000e+03   7.9169513e+00
   9.0000000e+03   7.9169513e+00
   9.1000000e+03   7.6697928e+00
   9.2000000e+03   7.2199351e+00
   9.3000000e+03   7.0409293e+00
   9.4000000e+03   6.4026763e+00
   9.5000000e+03   5.7213273e+00
   9.6000000e+03   5.7213273e+00
   9.7000000e+03   5.7213273e+00
   9.8000000e+03   4.8957583e+00
   9.9000000e+03   4.8957583e+00
   1.0000000e+04   4.6023535e+00
   1.0100000e+04   2.6402138e+00
   1.0200000e+04   2.4342666e+00
   1.0300000e+04   2.4342666e+00
   1.0400000e+04   2.3879478e+00
   1.0500000e+04   2.1470449e+00
   1.0600000e+04   1.9762834e+00
   1.0700000e+04   1.6865002e+00
   1.0800000e+04   1.6865002e+00
   1.0900000e+04   1.6018957e+00
   1.1000000e+04   1.6018957e+00
   1.1100000e+04   1.4618435e+00
   1.1200000e+04   1.4117240e+00
   1.1300000e+04   1.4117240e+00
   1.1400000e+04   1.4117240e+00
   1.1500000e+04   1.2552940e+00
   1.1600000e+04   1.1834787e+00
   1.1700000e+04   1.1834787e+00
   1.1800000e+04   1.1834787e+00
   1.1900000e+04   1.1557610e+00
   1.2000000e+04   1.0881017e+00
   1.2100000e+04   1.0051800e+00
   1.2200000e+04   8.8434782e-01
   1.2300000e+04   7.6847025e-01
   1.2400000e+04   7.0336461e-01
   1.2500000e+04   6.5854815e-01
   1.2600000e+04   6.5854815e-01
   1.2700000e+04   5.5501746e-01
   1.2800000e+04   5.5501746e-01
   1.2900000e+04   5.2393486e-01
   1.3000000e+04   4.4876890e-01
   1.3100000e+04   4.0242620e-01
   1.3200000e+04   3.0688902e-01
   1.3300000e+04   2.4824353e-01
   1.3400000e+04   2.4492478e-01
   1.3500000e+04   2.4492478e-01
   1.3600000e+04   2.4492478e-01
   1.3700000e+04   2.3920500e-01
   1.3800000e+04   1.4832258e-01
   1.3900000e+04   1.4832258e-01
   1.4000000e+04   1.4832258e-01
   1.4100000e+04   1.4832258e-01
   1.4200000e+04   1.4832258e-01
   1.4300000e+04   1.4239267e-01
   1.4400000e+04   1.3904131e-01
   1.4500000e+04   1.2957536e-01
   1.4600000e+04   1.0743544e-01
   1.4700000e+04   8.9007478e-02
   1.4800000e+04   4.9347129e-02
   1.4900000e+04   4.1128634e-02
   1.5000000e+04   2.3379921e-02
   1.5100000e+04   2.3379921e-02
   1.5200000e+04   2.3379921e-02
   1.5300000e+04   2.0299360e-02
   1.5400000e+04   2.0299360e-02
   1.5500000e+04   2.0299360e-02
   1.5600000e+04   2.0299360e-02
   1.5700000e+04   1.8890115e-02
   1.5800000e+04   1.4750103e-02
   1.5900000e+04   1.4750103e-02
   1.6000000e+04   1.0237346e-02
   1.6100000e+04   8.6254092e-03
   1.6200000e+04   5.7928267e-03
   1.6300000e+04   5.7928267e-03
   1.6400000e+04   5.7928267e-03
   1.6500000e+04   5.3648278e-03
   1.6600000e+04   5.3648278e-03
   1.6700000e+04   5.3648278e-03
   1.6800000e+04   5.3648278e-03
   1.6900000e+04   4.8565233e-03
   1.7000000e+04   4.8565233e-03
   1.7100000e+04   3.1660031e-03
   1.7200000e+04   3.1660031e-03
   1.7300000e+04   3.1660031e-03
   1.7400000e+04   2.7616471e-03
   1.7500000e+04   2.7616471e-03
   1.7600000e+04   2.7616471e-03
   1.7700000e+04   2.7616471e-03
   1.7800000e+04   2.3396000e-03
   1.7900000e+04   2.0201767e-03
   1.8000000e+04   2.0201767e-03
   1.8100000e+04   2.0201767e-03
   1.8200000e+04   2.0201767e-03
   1.8300000e+04   1.9668430e-03
   1.8400000e+04   1.9668430e-03
   1.8500000e+04   1.5141368e-03
   1.8600000e+04   1.4128732e-03
   1.8700000e+04   1.2240554e-03
   1.8800000e+04   1.2240554e-03
   1.8900000e+04   1.1562268e-03
   1.9000000e+04   1.1562268e-03
   1.9100000e+04   9.6569368e-04
   1.9200000e+04   9.6569368e-04
   1.9300000e+04   8.6033991e-04
   1.9400000e+04   8.6033991e-04
   1.9500000e+04   7.5429462e-04
   1.9600000e+04   7.5429462e-04
   1.9700000e+04   7.5429462e-04
   1.9800000e+04   7.5429462e-04
   1.9900000e+04   7.5429462e-04
   2.0000000e+04   7.5429462e-04
   2.0100000e+04   7.1719140e-04
   2.0200000e+04   7.1719140e-04
   2.0300000e+04   7.1719140e-04
   2.0400000e+04   7.1719140e-04
   2.0500000e+04   7.1719140e-04
   2.0600000e+04   7.1719140e-04
   2.0700000e+04   6.7823037e-04
   2.0800000e+04   6.7569092e-04
   2.0900000e+04   5.9213112e-04
   2.1000000e+04   5.9213112e-04
   2.1100000e+04   5.1453309e-04
   2.1200000e+04   5.1453309e-04
   2.1300000e+04   5.1453309e-04
   2.1400000e+04   5.1453309e-04
   2.1500000e+04   5.0585815e-04
   2.1600000e+04   5.0495117e-04
   2.1700000e+04   4.6389711e-04
   2.1800000e+04   4.3736133e-04
   2.1900000e+04   4.3542986e-04
   2.2000000e+04   4.1004202e-04
   2.2100000e+04   4.1004202e-04
   2.2200000e+04   4.1004202e-04
   2.2300000e+04   4.0903828e-04
   2.2400000e+04   3.9048839e-04
   2.2500000e+04   3.9048839e-04
   2.2600000e+04   3.9048839e-04
   2.2700000e+04   3.8976610e-04
   2.2800000e+04   3.7097514e-04
   2.2900000e+04   3.5200939e-04
   2.3000000e+04   3.3370611e-04
   2.3100000e+04   3.2612416e-04
   2.3200000e+04   3.1366505e-04
   2.3300000e+04   3.1366505e-04
   2.3400000e+04   3.1366505e-04
   2.3500000e+04   3.1366505e-04
   2.3600000e+04   3.1366505e-04
   2.3700000e+04   3.0952917e-04
   2.3800000e+04   3.0079580e-04
   2.3900000e+04   2.8531030e-04
   2.4000000e+04   2.8305441e-04
   2.4100000e+04   2.7266780e-04
   2.4200000e+04   2.6899221e-04
   2.4300000e+04   2.5977168e-04
   2.4400000e+04   2.5147047e-04
   2.4500000e+04   2.4837513e-04
   2.4600000e+04   2.4196053e-04
   2.4700000e+04   2.2559783e-04
   2.4800000e+04   2.2000534e-04
   2.4900000e+04   2.1610042e-04
   2.5000000e+04   2.1069332e-04
   2.5100000e+04   2.0241615e-04
   2.5200000e+04   2.0241615e-04
   2.5300000e+04   2.0111144e-04
   2.5400000e+04   1.9427706e-04
   2.5500000e+04   1.9277910e-04
   2.5600000e+04   1.8962346e-04
   2.5700000e+04   1.8761854e-04
   2.5800000e+04   1.7928664e-04
   2.5900000e+04   1.7361911e-04
   2.6000000e+04   1.7193854e-04
   2.6100000e+04   1.7193854e-04
   2.6200000e+04   1.7193854e-04
   2.6300000e+04   1.7193854e-04
   2.6400000e+04   1.7065435e-04
   2.6500000e+04   1.6775896e-04
   2.6600000e+04   1.6719405e-04
   2.6700000e+04   1.6719405e-04
   2.6800000e+04   1.6719405e-04
   2.6900000e+04   1.6680033e-04
   2.7000000e+04   1.6443633e-04
   2.7100000e+04   1.6435492e-04
   2.7200000e+04   1.6302879e-04
   2.7300000e+04   1.6286925e-04
   2.7400000e+04   1.6171454e-04
   2.7500000e+04   1.6061809e-04
   2.7600000e+04   1.5926982e-04
   2.7700000e+04   1.5823538e-04
   2.7800000e+04   1.5648923e-04
   2.7900000e+04   1.5648923e-04
   2.8000000e+04   1.5573191e-04
   2.8100000e+04   1.5541875e-04
   2.8200000e+04   1.5348535e-04
   2.8300000e+04   1.5188495e-04
   2.8400000e+04   1.5188495e-04
   2.8500000e+04   1.5176044e-04
   2.8600000e+04   1.5046029e-04
   2.8700000e+04   1.4754738e-04
   2.8800000e+04   1.4540248e-04
   2.8900000e+04   1.4472722e-04
   2.9000000e+04   1.4146229e-04
   2.9100000e+04   1.3894009e-04
   2.9200000e+04   1.3587590e-04
   2.9300000e+04   1.3177541e-04
   2.9400000e+04   1.3034722e-04
   2.9500000e+04   1.2953589e-04
   2.9600000e+04   1.2875971e-04
   2.9700000e+04   1.2812006e-04
   2.9800000e+04   1.2681994e-04
   2.9900000e+04   1.2648164e-04
   3.0000000e+04   1.2491381e-04
   3.0100000e+04   1.2325271e-04
   3.0200000e+04   1.2160189e-04
   3.0300000e+04   1.1813802e-04
   3.0400000e+04   1.1775177e-04
   3.0500000e+04   1.1671252e-04
   3.0600000e+04   1.1361384e-04
   3.0700000e+04   1.1041420e-04
   3.0800000e+04   1.0790189e-04
   3.0900000e+04   1.0607012e-04
   3.1000000e+04   1.0223777e-04
   3.1100000e+04   1.0007259e-04
   3.1200000e+04   9.6452282e-05
   3.1300000e+04   9.5022195e-05
   3.1400000e+04   9.3026451e-05
   3.1500000e+04   8.9232293e-05
   3.1600000e+04   8.3755490e-05
   3.1700000e+04   8.3755490e-05
   3.1800000e+04   8.0707435e-05
   3.1900000e+04   8.0707435e-05
   3.2000000e+04   7.9891274e-05
   3.2100000e+04   7.9728373e-05
   3.2200000e+04   7.4484288e-05
   3.2300000e+04   7.0271790e-05
   3.2400000e+04   6.6307358e-05
   3.2500000e+04   6.4409572e-05
   3.2600000e+04   5.9701834e-05
   3.2700000e+04   5.9701834e-05
   3.2800000e+04   5.9068835e-05
   3.2900000e+04   5.7687386e-05
   3.3000000e+04   5.5111249e-05
   3.3100000e+04   5.2775614e-05
   3.3200000e+04   5.1013904e-05
   3.3300000e+04   4.9637151e-05
   3.3400000e+04   4.7753221e-05
   3.3500000e+04   4.4916563e-05
   3.3600000e+04   4.4916563e-05
   3.3700000e+04   4.0114679e-05
   3.3800000e+04   3.1344438e-05
   3.3900000e+04   3.0467789e-05
   3.4000000e+04   2.6512757e-05
   3.4100000e+04   2.5300193e-05
   3.4200000e+04   2.4561594e-05
   3.4300000e+04   2.2243189e-05
   3.4400000e+04   2.1366124e-05
   3.4500000e+04   2.0085780e-05
   3.4600000e+04   1.8704546e-05
   3.4700000e+04   1.8118366e-05
   3.4800000e+04   1.5568717e-05
   3.4900000e+04   1.2904206e-05
   3.5000000e+04   1.2279241e-05
   3.5100000e+04   1.2279241e-05
   3.5200000e+04   1.2123238e-05
   3.5300000e+04   1.1395728e-05
   3.5400000e+04   1.0604036e-05
   3.5500000e+04   9.4722708e-06
   3.5600000e+04   9.3701188e-06
   3.5700000e+04   8.7962738e-06
   3.5800000e+04   7.5231059e-06
   3.5900000e+04   6.5534000e-06
   3.6000000e+04   6.3646319e-06
   3.6100000e+04   5.1415088e-06
   3.6200000e+04   4.5250815e-06
   3.6300000e+04   3.2350547e-06
   3.6400000e+04   3.2350547e-06
   3.6500000e+04   3.2350547e-06
   3.6600000e+04   3.2350547e-06
   3.6700000e+04   3.0795752e-06
   3.6800000e+04   2.8320147e-06
   3.6900000e+04   2.3521044e-06
   3.7000000e+04   2.3496944e-06
   3.7100000e+04   1.8443957e-06
   3.7200000e+04   1.6548385e-06
   3.7300000e+04   1.4477315e-06
   3.7400000e+04   1.2548955e-06
   3.7500000e+04   1.0070800e-06
   3.7600000e+04   9.8650424e-07
   3.7700000e+04   9.8650424e-07
   3.7800000e+04   8.5096362e-07
   3.7900000e+04   7.7344377e-07
   3.8000000e+04   7.6330633e-07
   3.8100000e+04   7.6330633e-07
   3.8200000e+04   6.6993014e-07
   3.8300000e+04   6.0858883e-07
   3.8400000e+04   6.0858883e-07
   3.8500000e+04   3.4680916e-07
   3.8600000e+04   2.2417949e-07
   3.8700000e+04   1.9289973e-07
   3.8800000e+04   1.9289973e-07
   3.8900000e+04   1.9289973e-07
   3.9000000e+04   1.6106043e-07
   3.9100000e+04   1.4796518e-07
   3.9200000e+04   1.4533861e-07
   3.9300000e+04   1.4533861e-07
   3.9400000e+04   1.1206142e-07
   3.9500000e+04   9.7378883e-08
   3.9600000e+04   9.0666031e-08
   3.9700000e+04   7.5299997e-08
   3.9800000e+04   6.5632129e-08
   3.9900000e+04   6.5632129e-08
   4.0000000e+04   5.0730513e-08
   4.0100000e+04   5.0730513e-08
   4.0200000e+04   5.0730513e-08
   4.0300000e+04   5.0254508e-08
   4.0400000e+04   5.0117638e-08
   4.0500000e+04   3.8978567e-08
   4.0600000e+04   2.8560794e-08
   4.0700000e+04   2.8560794e-08
   4.0800000e+04   2.5579156e-08
   4.0900000e+04   2.5579156e-08
   4.1000000e+04   2.5579156e-08
   4.1100000e+04   2.5579156e-08
   4.1200000e+04   2.5579156e-08
   4.1300000e+04   2.5579156e-08
   4.1400000e+04   2.1064779e-08
   4.1500000e+04   1.5875880e-08
   4.1600000e+04   1.5875880e-08
   4.1700000e+04   1.5875880e-08
   4.1800000e+04   1.4696333e-08
   4.1900000e+04   1.1598358e-08
   4.2000000e+04   1.0670569e-08
   4.2100000e+04   1.0670569e-08
   4.2200000e+04   1.0670569e-08
   4.2300000e+04   1.0670569e-08
   4.2400000e+04   1.0268685e-08
   4.2500000e+04   8.6903133e-09
   4.2600000e+04   8.5641721e-09
   4.2700000e+04   8.1693954e-09
   4.2800000e+04   6.2857982e-09
   4.2900000e+04   5.8135411e-09
   4.3000000e+04   4.9204508e-09
   4.3100000e+04   4.8488440e-09
   4.3200000e+04   4.8488440e-09
   4.3300000e+04   4.8488440e-09
   4.3400000e+04   4.2472285e-09
   4.3500000e+04   3.6692542e-09
   4.3600000e+04   3.4547966e-09
   4.3700000e+04   3.2383396e-09
   4.3800000e+04   3.2383396e-09
   4.3900000e+04   2.9964060e-09
   4.4000000e+04   2.9882053e-09
   4.4100000e+04   2.5959922e-09
   4.4200000e+04   2.1735061e-09
   4.4300000e+04   2.0984591e-09
   4.4400000e+04   1.9474676e-09
   4.4500000e+04   1.8163070e-09
   4.4600000e+04   1.3450176e-09
   4.4700000e+04   1.3360783e-09
   4.4800000e+04   1.0442145e-09
   4.4900000e+04   3.3590245e-10
   4.5000000e+04   3.3590245e-10
   4.5100000e+04   3.3590245e-10
   4.5200000e+04   3.3590245e-10
   4.5300000e+04   3.3590245e-10
   4.5400000e+04   3.3590245e-10
   4.5500000e+04   3.3590245e-10
   4.5600000e+04   3.0168544e-10
   4.5700000e+04   3.0168544e-10
   4.5800000e+04   3.0168544e-10
   4.5900000e+04   3.0168544e-10
   4.6000000e+04   2.9177459e-10
   4.6100000e+04   2.2949791e-10
   4.6200000e+04   1.7851219e-10
   4.6300000e+04   1.7851219e-10
   4.6400000e+04   1.7851219e-10
   4.6500000e+04   1.7687008e-10
   4.6600000e+04   1.4710402e-10
   4.6700000e+04   1.4710402e-10
   4.6800000e+04   1.4710402e-10
   4.6900000e+04   1.0427934e-10
   4.7000000e+04   1.0427934e-10
   4.7100000e+04   1.0427934e-10
   4.7200000e+04   1.0427934e-10
   4.7300000e+04   9.8035821e-11
   4.7400000e+04   9.3157093e-11
   4.7500000e+04   8.7787002e-11
   4.7600000e+04   7.7496420e-11
   4.7700000e+04   6.1319602e-11
   4.7800000e+04   5.5528146e-11
   4.7900000e+04   5.5528146e-11
   4.8000000e+04   5.5528146e-11
   4.8100000e+04   5.2774385e-11
   4.8200000e+04   3.2265539e-11
   4.8300000e+04   2.7618423e-11
   4.8400000e+04   2.7618423e-11
   4.8500000e+04   2.4534811e-11
   4.8600000e+04   1.3173227e-11
   4.8700000e+04   9.3889341e-12
   4.8800000e+04   9.3889341e-12
   4.8900000e+04   9.3889341e-12
   4.9000000e+04   9.3889341e-12
   4.9100000e+04   7.4790445e-12
   4.9200000e+04   7.4790445e-12
   4.9300000e+04   3.4037965e-12
   4.9400000e+04   3.4037965e-12
   4.9500000e+04   3.4037965e-12
   4.9600000e+04   3.1394540e-12
   4.9700000e+04   3.1394540e-12
   4.9800000e+04   3.1394540e-12
   4.9900000e+04   2.0086318e-12
   5.0000000e+04   2.0086318e-12
   5.0100000e+04   2.0086318e-12
   5.0200000e+04   2.0086318e-12
   5.0300000e+04   2.0086318e-12
   5.0400000e+04   2.0086318e-12
   5.0500000e+04   2.0086318e-12
   5.0600000e+04   1.4616462e-12
   5.0700000e+04   1.4616462e-12
   5.0800000e+04   1.4616462e-12
   5.0900000e+04   1.1189785e-12
   5.1000000e+04   1.1189785e-12
   5.1100000e+04   8.9074117e-13
   5.1200000e+04   8.9074117e-13
   5.1300000e+04   8.2111432e-13
   5.1400000e+04   8.0021415e-13
   5.1500000e+04   5.0351568e-13
   5.1600000e+04   5.0351568e-13
   5.1700000e+04   4.5902039e-13
   5.1800000e+04   4.5902039e-13
   5.1900000e+04   2.7573999e-13
   5.2000000e+04   2.7573999e-13
   5.2100000e+04   2.7573999e-13
   5.2200000e+04   2.7573999e-13
   5.2300000e+04   1.5068530e-13
   5.2400000e+04   1.5068530e-13
   5.2500000e+04   6.9572469e-14
   5.2600000e+04   6.9572469e-14
   5.2700000e+04   6.9572469e-14
   5.2800000e+04   6.9572469e-14
   5.2900000e+04   6.9572469e-14
   5.3000000e+04   6.9572469e-14
   5.3100000e+04   6.9572469e-14
   5.3200000e+04   6.9572469e-14
   5.3300000e+04   6.9572469e-14
   5.3400000e+04   6.3214226e-14
   5.3500000e+04   6.3214226e-14
   5.3600000e+04   6.0353131e-14
   5.3700000e+04   5.2070940e-14
   5.3800000e+04   4.3801935e-14
   5.3900000e+04   4.3801935e-14
   5.4000000e+04   4.3801935e-14
   5.4100000e+04   4.1662640e-14
   5.4200000e+04   4.0164886e-14
   5.4300000e+04   3.1068812e-14
   5.4400000e+04   2.0095634e-14
   5.4500000e+04   1.5932727e-14
   5.4600000e+04   1.5932727e-14
   5.4700000e+04   1.5932727e-14
   5.4800000e+04   1.5932727e-14
   5.4900000e+04   1.5932727e-14
   5.5000000e+04   1.5932727e-14
   5.5100000e+04   1.5932727e-14
   5.5200000e+04   1.5932727e-14
   5.5300000e+04   1.5932727e-14
   5.5400000e+04   1.0974628e-14
   5.5500000e+04   1.0974628e-14
   5.5600000e+04   1.0974628e-14
   5.5700000e+04   9.2939982e-15
   5.5800000e+04   9.2939982e-15
   5.5900000e+04   8.2264083e-15
   5.6000000e+04   6.5164247e-15
   5.6100000e+04   6.5164247e-15
   5.6200000e+04   4.8266918e-15
   5.6300000e+04   4.8266918e-15
   5.6400000e+04   4.8266918e-15
   5.6500000e+04   4.8266918e-15
   5.6600000e+04   4.3387016e-15
   5.6700000e+04   4.2496245e-15
   5.6800000e+04   4.2496245e-15
   5.6900000e+04   3.4179173e-15
   5.7000000e+04   2.5576494e-15
   5.7100000e+04   2.5576494e-15
   5.7200000e+04   2.5576494e-15
   5.7300000e+04   2.0660157e-15
   5.7400000e+04   1.6689160e-15
   5.7500000e+04   1.1438631e-15
   5.7600000e+04   9.0098859e-16
   5.7700000e+04   6.3802670e-16
   5.7800000e+04   5.5722129e-16
   5.7900000e+04   5.5722129e-16
   5.8000000e+04   5.5722129e-16
   5.8100000e+04   5.5722129e-16
   5.8200000e+04   4.9121058e-16
   5.8300000e+04   3.1771195e-16
   5.8400000e+04   2.7373902e-16
   5.8500000e+04   2.7373902e-16
   5.8600000e+04   2.6039632e-16
   5.8700000e+04   2.6039632e-16
   5.8800000e+04   2.3476898e-16
   5.8900000e+04   2.3476898e-16
   5.9000000e+04   2.3476898e-16
   5.9100000e+04   2.3385910e-16
   5.9200000e+04   2.2687449e-16
   5.9300000e+04   7.5678167e-17
   5.9400000e+04   7.5678167e-17
   5.9500000e+04   7.5678167e-17
   5.9600000e+04   6.5535566e-17
   5.9700000e+04   6.5535566e-17
   5.9800000e+04   6.5535566e-17
   5.9900000e+04   5.8934719e-17
   6.0000000e+04   3.6742345e-17
   6.0100000e+04   3.6742345e-17
   6.0200000e+04   3.6742345e-17
   6.0300000e+04   3.6742345e-17
   6.0400000e+04   3.6742345e-17
   6.0500000e+04   2.8592411e-17
   6.0600000e+04   2.6789948e-17
   6.0700000e+04   2.6789948e-17
   6.0800000e+04   2.6789948e-17
   6.0900000e+04   2.6789948e-17
   6.1000000e+04   1.7349894e-17
   6.1100000e+04   1.5099691e-17
   6.1200000e+04   1.5099691e-17
   6.1300000e+04   1.5099691e-17
   6.1400000e+04   1.1634503e-17
   6.1500000e+04   1.1634503e-17
   6.1600000e+04   8.3766659e-18
   6.1700000e+04   8.3766659e-18
   6.1800000e+04   8.3766659e-18
   6.1900000e+04   8.3766659e-18
   6.2000000e+04   8.3766659e-18
   6.2100000e+04   7.3469691e-18
   6.2200000e+04   7.3469691e-18
   6.2300000e+04   6.6639139e-18
   6.2400000e+04   4.7844009e-18
   6.2500000e+04   4.7844009e-18
   6.2600000e+04   4.7844009e-18
   6.2700000e+04   4.2244288e-18
   6.2800000e+04   3.9820748e-18
   6.2900000e+04   3.9820748e-18
   6.3000000e+04   3.3994749e-18
   6.3100000e+04   3.0945944e-18
   6.3200000e+04   2.7808590e-18
   6.3300000e+04   2.7808590e-18
   6.3400000e+04   2.4654913e-18
   6.3500000e+04   1.6774147e-18
   6.3600000e+04   1.6774147e-18
   6.3700000e+04   1.6265113e-18
   6.3800000e+04   9.7742590e-19
   6.3900000e+04   9.7742590e-19
   6.4000000e+04   9.7742590e-19
   6.4100000e+04   9.7742590e-19
   6.4200000e+04   9.7742590e-19
   6.4300000e+04   9.7742590e-19
   6.4400000e+04   7.6335604e-19
   6.4500000e+04   5.9688673e-19
   6.4600000e+04   5.9688673e-19
   6.4700000e+04   5.9688673e-19
   6.4800000e+04   5.1361717e-19
   6.4900000e+04   5.1361717e-19
   6.5000000e+04   3.6045348e-19
   6.5100000e+04   2.8945568e-19
   6.5200000e+04   2.6733577e-19
   6.5300000e+04   2.6733577e-19
   6.5400000e+04   2.5682677e-19
   6.5500000e+04   2.5682677e-19
   6.5600000e+04   2.1593542e-19
   6.5700000e+04   2.1593542e-19
   6.5800000e+04   1.3060714e-19
   6.5900000e+04   1.3060714e-19
   6.6000000e+04   1.3060714e-19
   6.6100000e+04   1.0496932e-19
   6.6200000e+04   1.0496932e-19
   6.6300000e+04   1.0496932e-19
   6.6400000e+04   1.0496932e-19
   6.6500000e+04   1.0491842e-19
   6.6600000e+04   8.7241024e-20
   6.6700000e+04   8.7241024e-20
   6.6800000e+04   8.7241024e-20
   6.6900000e+04   8.1172769e-20
   6.7000000e+04   7.0409706e-20
   6.7100000e+04   5.5719838e-20
   6.7200000e+04   5.5719838e-20
   6.7300000e+04   5.2049125e-20
   6.7400000e+04   4.3343520e-20
   6.7500000e+04   4.3343520e-20
   6.7600000e+04   4.3343520e-20
   6.7700000e+04   3.4056322e-20
   6.7800000e+04   3.4056322e-20
   6.7900000e+04   3.4056322e-20
   6.8000000e+04   2.3838974e-20
   6.8100000e+04   2.3838974e-20
   6.8200000e+04   2.3838974e-20
   6.8300000e+04   2.3838974e-20
   6.8400000e+04   2.3838974e-20
   6.8500000e+04   2.3838974e-20
   6.8600000e+04   1.5818944e-20
   6.8700000e+04   1.4283033e-20
   6.8800000e+04   1.4283033e-20
   6.8900000e+04   8.1433059e-21
   6.9000000e+04   8.1433059e-21
   6.9100000e+04   8.1433059e-21
   6.9200000e+04   6.4541974e-21
   6.9300000e+04   6.4541974e-21
   6.9400000e+04   5.8223906e-21
   6.9500000e+04   5.8223906e-21
   6.9600000e+04   5.8223906e-21
   6.9700000e+04   5.4754582e-21
   6.9800000e+04   3.3719488e-21
   6.9900000e+04   3.3719488e-21
   7.0000000e+04   2.4638224e-21
   7.0100000e+04   2.4638224e-21
   7.0200000e+04   2.4605938e-21
   7.0300000e+04   1.5625408e-21
   7.0400000e+04   1.5625408e-21
   7.0500000e+04   1.5625408e-21
   7.0600000e+04   1.5625408e-21
   7.0700000e+04   1.3689826e-21
   7.0800000e+04   1.3689826e-21
   7.0900000e+04   1.3689826e-21
   7.1000000e+04   6.0750485e-22
   7.1100000e+04   6.0750485e-22
   7.1200000e+04   5.6192379e-22
   7.1300000e+04   5.6192379e-22
   7.1400000e+04   5.6192379e-22
   7.1500000e+04   5.6192379e-22
   7.1600000e+04   5.6192379e-22
   7.1700000e+04   5.5751547e-22
   7.1800000e+04   2.3511788e-22
   7.1900000e+04   2.3511788e-22
   7.2000000e+04   2.3511788e-22
   7.2100000e+04   1.7084281e-22
   7.2200000e+04   1.7084281e-22
   7.2300000e+04   9.2715554e-23
   7.2400000e+04   7.5963544e-23
   7.2500000e+04   7.5963544e-23
   7.2600000e+04   7.5963544e-23
   7.2700000e+04   7.5963544e-23
   7.2800000e+04   7.5963544e-23
   7.2900000e+04   4.8417708e-23
   7.3000000e+04   4.8417708e-23
   7.3100000e+04   4.8417708e-23
   7.3200000e+04   4.8417708e-23
   7.3300000e+04   4.7897854e-23
   7.3400000e+04   2.6732628e-23
   7.3500000e+04   2.6732628e-23
   7.3600000e+04   2.6732628e-23
   7.3700000e+04   2.6732628e-23
   7.3800000e+04   2.6732628e-23
   7.3900000e+04   2.2717856e-23
   7.4000000e+04   2.2717856e-23
   7.4100000e+04   1.0939507e-23
   7.4200000e+04   1.0939507e-23
   7.4300000e+04   1.0939507e-23
   7.4400000e+04   1.0939507e-23
   7.4500000e+04   1.0939507e-23
   7.4600000e+04   1.0939507e-23
   7.4700000e+04   1.0939507e-23
   7.4800000e+04   1.0939507e-23
   7.4900000e+04   1.0939507e-23
   7.5000000e+04   1.0719345e-23
   7.5100000e+04   1.0379731e-23
   7.5200000e+04   8.9350173e-24
   7.5300000e+04   6.8660686e-24
   7.5400000e+04   4.7278895e-24
   7.5500000e+04   4.7278895e-24
   7.5600000e+04   4.7278895e-24
   7.5700000e+04   3.7496641e-24
   7.5800000e+04   3.7496641e-24
   7.5900000e+04   3.3185548e-24
   7.6000000e+04   1.6608614e-24
   7.6100000e+04   1.6608614e-24
   7.6200000e+04   1.6608614e-24
   7.6300000e+04   1.6608614e-24
   7.6400000e+04   1.6608614e-24
   7.6500000e+04   1.6608614e-24
   7.6600000e+04   1.2726535e-24
   7.6700000e+04   1.2726535e-24
   7.6800000e+04   8.5220959e-25
   7.6900000e+04   8.5220959e-25
   7.7000000e+04   8.5220959e-25
   7.7100000e+04   8.5220959e-25
   7.7200000e+04   8.5220959e-25
   7.7300000e+04   8.3137104e-25
   7.7400000e+04   6.3589762e-25
   7.7500000e+04   6.3589762e-25
   7.7600000e+04   3.9796455e-25
   7.7700000e+04   3.9796455e-25
   7.7800000e+04   3.6635963e-25
   7.7900000e+04   3.6635963e-25
   7.8000000e+04   3.2340773e-25
   7.8100000e+04   2.8255104e-25
   7.8200000e+04   2.8255104e-25
   7.8300000e+04   2.8255104e-25
   7.8400000e+04   2.8255104e-25
   7.8500000e+04   2.3471452e-25
   7.8600000e+04   2.3471452e-25
   7.8700000e+04   1.8215745e-25
   7.8800000e+04   1.8215745e-25
   7.8900000e+04   1.4039200e-25
   7.9000000e+04   1.4039200e-25
   7.9100000e+04   1.4039200e-25
   7.9200000e+04   1.4039200e-25
   7.9300000e+04   9.9497448e-26
   7.9400000e+04   9.9497448e-26
   7.9500000e+04   9.9497448e-26
   7.9600000e+04   9.9497448e-26
   7.9700000e+04   9.9497448e-26
   7.9800000e+04   8.9526246e-26
   7.9900000e+04   8.9526246e-26
   8.0000000e+04   7.3900490e-26
   8.0100000e+04   7.3900490e-26
   8.0200000e+04   7.3900490e-26
   8.0300000e+04   7.3357753e-26
   8.0400000e+04   5.9347584e-26
   8.0500000e+04   4.8518101e-26
   8.0600000e+04   3.9329449e-26
   8.0700000e+04   3.9329449e-26
   8.0800000e+04   3.0620425e-26
   8.0900000e+04   3.0620425e-26
   8.1000000e+04   3.0620425e-26
   8.1100000e+04   2.3993993e-26
   8.1200000e+04   1.1914955e-26
   8.1300000e+04   1.1914955e-26
   8.1400000e+04   1.1914955e-26
   8.1500000e+04   1.1914955e-26
   8.1600000e+04   1.1914955e-26
   8.1700000e+04   8.6837808e-27
   8.1800000e+04   8.6837808e-27
   8.1900000e+04   8.0653139e-27
   8.2000000e+04   8.0653139e-27
   8.2100000e+04   8.0653139e-27
   8.2200000e+04   8.0653139e-27
   8.2300000e+04   8.0653139e-27
   8.2400000e+04   5.0360880e-27
   8.2500000e+04   5.0360880e-27
   8.2600000e+04   4.6069477e-27
   8.2700000e+04   3.4078791e-27
   8.2800000e+04   3.4078791e-27
   8.2900000e+04   3.4078791e-27
   8.3000000e+04   3.4078791e-27
   8.3100000e+04   3.4078791e-27
   8.3200000e+04   2.8777646e-27
   8.3300000e+04   2.8020339e-27
   8.3400000e+04   2.6758162e-27
   8.3500000e+04   1.5903436e-27
   8.3600000e+04   1.2747992e-27
   8.3700000e+04   1.2747992e-27
   8.3800000e+04   7.4468469e-28
   8.3900000e+04   7.4468469e-28
   8.4000000e+04   7.4468469e-28
   8.4100000e+04   7.4468469e-28
   8.4200000e+04   7.4468469e-28
   8.4300000e+04   6.3108872e-28
   8.4400000e+04   6.3108872e-28
   8.4500000e+04   6.3108872e-28
   8.4600000e+04   6.3108872e-28
   8.4700000e+04   6.3108872e-28
   8.4800000e+04   6.3108872e-28
   8.4900000e+04   6.3108872e-28
   8.5000000e+04   4.4176211e-28
   8.5100000e+04   3.4078791e-28
   8.5200000e+04   3.4078791e-28
   8.5300000e+04   3.4078791e-28
   8.5400000e+04   3.4078791e-28
   8.5500000e+04   2.1457017e-28
   8.5600000e+04   2.1457017e-28
   8.5700000e+04   1.8932662e-28
   8.5800000e+04   1.8932662e-28
   8.5900000e+04   1.8932662e-28
   8.6000000e+04   1.5146129e-28
   8.6100000e+04   1.5146129e-28
   8.6200000e+04   1.5146129e-28
   8.6300000e+04   1.5146129e-28
   8.6400000e+04   1.5146129e-28
   8.6500000e+04   1.5146129e-28
   8.6600000e+04   1.5146129e-28
   8.6700000e+04   1.3883952e-28
   8.6800000e+04   1.3883952e-28
   8.6900000e+04   1.3883952e-28
   8.7000000e+04   1.3883952e-28
   8.7100000e+04   1.3883952e-28
   8.7200000e+04   1.3883952e-28
   8.7300000e+04   1.1359597e-28
   8.7400000e+04   1.1359597e-28
   8.7500000e+04   1.1359597e-28
   8.7600000e+04   1.1359597e-28
   8.7700000e+04   1.1359597e-28
   8.7800000e+04   1.1359597e-28
   8.7900000e+04   1.1359597e-28
   8.8000000e+04   1.1359597e-28
   8.8100000e+04   1.1359597e-28
   8.8200000e+04   1.1359597e-28
   8.8300000e+04   1.1359597e-28
   8.8400000e+04   1.1359597e-28
   8.8500000e+04   1.1359597e-28
   8.8600000e+04   1.1359597e-28
   8.8700000e+04   1.1359597e-28
   8.8800000e+04   8.8352421e-29
   8.8900000e+04   8.8352421e-29
   8.9000000e+04   8.8352421e-29
   8.9100000e+04   8.8352421e-29
   8.9200000e+04   8.8352421e-29
   8.9300000e+04   8.8352421e-29
   8.9400000e+04   8.8352421e-29
   8.9500000e+04   8.8352421e-29
   8.9600000e+04   8.8352421e-29
   8.9700000e+04   8.8352421e-29
   8.9800000e+04   8.8352421e-29
   8.9900000e+04   8.8352421e-29
   9.0000000e+04   8.8352421e-29
   9.0100000e+04   8.8352421e-29
   9.0200000e+04   8.8352421e-29
   9.0300000e+04   8.8352421e-29
   9.0400000e+04   8.8352421e-29
   9.0500000e+04   8.8352421e-29
   9.0600000e+04   8.8352421e-29
   9.0700000e+04   8.8352421e-29
   9.0800000e+04   8.8352421e-29
   9.0900000e+04   8.8352421e-29
   9.1000000e+04   8.8352421e-29
   9.1100000e+04   8.8352421e-29
   9.1200000e+04   8.8352421e-29
   9.1300000e+04   8.8352421e-29
   9.1400000e+04   8.8352421e-29
   9.1500000e+04   8.8352421e-29
   9.1600000e+04   8.8352421e-29
   9.1700000e+04   8.8352421e-29
   9.1800000e+04   8.8352421e-29
   9.1900000e+04   8.8352421e-29
   9.2000000e+04   8.8352421e-29
   9.2100000e+04   8.8352421e-29
   9.2200000e+04   8.8352421e-29
   9.2300000e+04   8.8352421e-29
   9.2400000e+04   8.8352421e-29
   9.2500000e+04   8.8352421e-29
   9.2600000e+04   8.8352421e-29
   9.2700000e+04   8.8352421e-29
   9.2800000e+04   8.8352421e-29
   9.2900000e+04   8.8352421e-29
   9.3000000e+04   8.8352421e-29
   9.3100000e+04   8.8352421e-29
   9.3200000e+04   8.8352421e-29
   9.3300000e+04   8.8352421e-29
   9.3400000e+04   8.8352421e-29
   9.3500000e+04   8.8352421e-29
   9.3600000e+04   8.8352421e-29
   9.3700000e+04   7.5730647e-29
   9.3800000e+04   7.5730647e-29
   9.3900000e+04   7.5730647e-29
   9.4000000e+04   7.5730647e-29
   9.4100000e+04   7.5730647e-29
   9.4200000e+04   7.5730647e-29
   9.4300000e+04   7.5730647e-29
   9.4400000e+04   7.5730647e-29
   9.4500000e+04   7.5730647e-29
   9.4600000e+04   7.5730647e-29
   9.4700000e+04   7.5730647e-29
   9.4800000e+04   7.5730647e-29
   9.4900000e+04   7.5730647e-29
   9.5000000e+04   7.5730647e-29
   9.5100000e+04   7.5730647e-29
   9.5200000e+04   7.5730647e-29
   9.5300000e+04   7.5730647e-29
   9.5400000e+04   7.5730647e-29
   9.5500000e+04   7.5730647e-29
   9.5600000e+04   7.5730647e-29
   9.5700000e+04   7.5730647e-29
   9.5800000e+04   7.5730647e-29
   9.5900000e+04   7.5730647e-29
   9.6000000e+04   7.5730647e-29
   9.6100000e+04   7.5730647e-29
   9.6200000e+04   7.5730647e-29
   9.6300000e+04   7.5730647e-29
   9.6400000e+04   7.5730647e-29
   9.6500000e+04   7.5730647e-29
   9.6600000e+04   7.5730647e-29
   9.6700000e+04   5.0487098e-29
   9.6800000e+04   3.7865323e-29
   9.6900000e+04   3.7865323e-29
   9.7000000e+04   3.7865323e-29
   9.7100000e+04   3.7865323e-29
   9.7200000e+04   3.7865323e-29
   9.7300000e+04   3.7865323e-29
   9.7400000e+04   3.7865323e-29
   9.7500000e+04   3.7865323e-29
   9.7600000e+04   3.7865323e-29
   9.7700000e+04   3.7865323e-29
   9.7800000e+04   3.7865323e-29
   9.7900000e+04   3.7865323e-29
   9.8000000e+04   3.7865323e-29
   9.8100000e+04   3.7865323e-29
   9.8200000e+04   2.5243549e-29
   9.8300000e+04   2.5243549e-29
   9.8400000e+04   2.5243549e-29
   9.8500000e+04   2.5243549e-29
   9.8600000e+04   2.5243549e-29
   9.8700000e+04   2.5243549e-29
   9.8800000e+04   2.5243549e-29
   9.8900000e+04   2.5243549e-29
   9.9000000e+04   2.5243549e-29
   9.9100000e+04   2.5243549e-29
   9.9200000e+04   2.5243549e-29
   9.9300000e+04   2.5243549e-29
   9.9400000e+04   2.5243549e-29
   9.9500000e+04   2.5243549e-29
   9.9600000e+04   2.5243549e-29
   9.9700000e+04   2.5243549e-29
   9.9800000e+04   2.5243549e-29
   9.9900000e+04   2.5243549e-29
   1.0000000e+05   2.5243549e-29
   1.0000000e+05   2.5243549e-29
