   1.0000000e+02   1.1064024e+04
   2.0000000e+02   1.1064024e+04
   3.0000000e+02   1.1064024e+04
   4.0000000e+02   1.1064024e+04
   5.0000000e+02   1.1064024e+04
   6.0000000e+02   1.1064024e+04
   7.0000000e+02   5.7316263e+03
   8.0000000e+02   5.7316263e+03
   9.0000000e+02   5.7316263e+03
   1.0000000e+03   5.7316263e+03
   1.1000000e+03   3.2714777e+03
   1.2000000e+03   3.2714777e+03
   1.3000000e+03   3.2714777e+03
   1.4000000e+03   3.2714777e+03
   1.5000000e+03   2.3523096e+03
   1.6000000e+03   2.3523096e+03
   1.7000000e+03   2.2879635e+03
   1.8000000e+03   2.2879635e+03
   1.9000000e+03   2.2879635e+03
   2.0000000e+03   2.2879635e+03
   2.1000000e+03   2.2879635e+03
   2.2000000e+03   2.2879635e+03
   2.3000000e+03   2.2879635e+03
   2.4000000e+03   2.2879635e+03
   2.5000000e+03   1.5403591e+03
   2.6000000e+03   1.5403591e+03
   2.7000000e+03   1.5403591e+03
   2.8000000e+03   1.5403591e+03
   2.9000000e+03   1.5403591e+03
   3.0000000e+03   1.2254957e+03
   3.1000000e+03   8.8698425e+02
   3.2000000e+03   8.8698425e+02
   3.3000000e+03   8.8698425e+02
   3.4000000e+03   5.0866375e+02
   3.5000000e+03   5.0866375e+02
   3.6000000e+03   5.0866375e+02
   3.7000000e+03   5.0866375e+02
   3.8000000e+03   5.0866375e+02
   3.9000000e+03   5.0866375e+02
   4.0000000e+03   5.0866375e+02
   4.1000000e+03   4.7510237e+02
   4.2000000e+03   4.7510237e+02
   4.3000000e+03   4.7510237e+02
   4.4000000e+03   4.7510237e+02
   4.5000000e+03   4.7510237e+02
   4.6000000e+03   4.7510237e+02
   4.7000000e+03   4.6466229e+02
   4.8000000e+03   2.5150640e+02
   4.9000000e+03   2.5150640e+02
   5.0000000e+03   2.5150640e+02
   5.1000000e+03   2.5150640e+02
   5.2000000e+03   2.5150640e+02
   5.3000000e+03   2.5150640e+02
   5.4000000e+03   2.5150640e+02
   5.5000000e+03   2.5150640e+02
   5.6000000e+03   2.5150640e+02
   5.7000000e+03   2.2874805e+02
   5.8000000e+03   2.2874805e+02
   5.9000000e+03   2.2874805e+02
   6.0000000e+03   2.2470617e+02
   6.1000000e+03   2.2470617e+02
   6.2000000e+03   2.2470617e+02
   6.3000000e+03   1.8813654e+02
   6.4000000e+03   1.8813654e+02
   6.5000000e+03   1.8813654e+02
   6.6000000e+03   1.4118593e+02
   6.7000000e+03   1.4118593e+02
   6.8000000e+03   1.4118593e+02
   6.9000000e+03   1.4118593e+02
   7.0000000e+03   1.4118593e+02
   7.1000000e+03   1.4118593e+02
   7.2000000e+03   1.4118593e+02
   7.3000000e+03   1.4118593e+02
   7.4000000e+03   1.4118593e+02
   7.5000000e+03   1.4118593e+02
   7.6000000e+03   1.4118593e+02
   7.7000000e+03   1.4118593e+02
   7.8000000e+03   1.4118593e+02
   7.9000000e+03   1.4118593e+02
   8.0000000e+03   1.4118593e+02
   8.1000000e+03   1.4118593e+02
   8.2000000e+03   1.4118593e+02
   8.3000000e+03   1.4118593e+02
   8.4000000e+03   1.4118593e+02
   8.5000000e+03   1.2653438e+02
   8.6000000e+03   1.2653438e+02
   8.7000000e+03   1.2653438e+02
   8.8000000e+03   1.2653438e+02
   8.9000000e+03   1.2653438e+02
   9.0000000e+03   1.2653438e+02
   9.1000000e+03   1.2633117e+02
   9.2000000e+03   1.2633117e+02
   9.3000000e+03   1.2633117e+02
   9.4000000e+03   1.2633117e+02
   9.5000000e+03   1.2633117e+02
   9.6000000e+03   1.2633117e+02
   9.7000000e+03   1.2633117e+02
   9.8000000e+03   1.2633117e+02
   9.9000000e+03   1.2633117e+02
   1.0000000e+04   1.2633117e+02
   1.0100000e+04   1.2633117e+02
   1.0200000e+04   1.2633117e+02
   1.0300000e+04   1.2633117e+02
   1.0400000e+04   1.2633117e+02
   1.0500000e+04   1.2633117e+02
   1.0600000e+04   1.2441565e+02
   1.0700000e+04   1.2441565e+02
   1.0800000e+04   1.2441565e+02
   1.0900000e+04   1.2441565e+02
   1.1000000e+04   9.8325785e+01
   1.1100000e+04   9.8325785e+01
   1.1200000e+04   9.8325785e+01
   1.1300000e+04   9.8325785e+01
   1.1400000e+04   9.8325785e+01
   1.1500000e+04   7.1977480e+01
   1.1600000e+04   7.1977480e+01
   1.1700000e+04   7.0347136e+01
   1.1800000e+04   7.0347136e+01
   1.1900000e+04   6.7113847e+01
   1.2000000e+04   6.1716059e+01
   1.2100000e+04   5.8244888e+01
   1.2200000e+04   5.1031581e+01
   1.2300000e+04   4.9140278e+01
   1.2400000e+04   3.7758384e+01
   1.2500000e+04   2.4729397e+01
   1.2600000e+04   2.4729397e+01
   1.2700000e+04   2.4729397e+01
   1.2800000e+04   2.2526710e+01
   1.2900000e+04   2.2526710e+01
   1.3000000e+04   2.2526710e+01
   1.3100000e+04   1.5041710e+01
   1.3200000e+04   1.5041710e+01
   1.3300000e+04   1.5041710e+01
   1.3400000e+04   1.5041710e+01
   1.3500000e+04   1.5041710e+01
   1.3600000e+04   1.5041710e+01
   1.3700000e+04   1.5041710e+01
   1.3800000e+04   1.5041710e+01
   1.3900000e+04   1.5041710e+01
   1.4000000e+04   1.5041710e+01
   1.4100000e+04   1.5041710e+01
   1.4200000e+04   1.5041710e+01
   1.4300000e+04   1.5041710e+01
   1.4400000e+04   1.5041710e+01
   1.4500000e+04   1.5041710e+01
   1.4600000e+04   1.5041710e+01
   1.4700000e+04   1.2800224e+01
   1.4800000e+04   1.2800224e+01
   1.4900000e+04   1.1756239e+01
   1.5000000e+04   1.1756239e+01
   1.5100000e+04   1.1756239e+01
   1.5200000e+04   1.1756239e+01
   1.5300000e+04   1.1756239e+01
   1.5400000e+04   1.1583881e+01
   1.5500000e+04   1.1583881e+01
   1.5600000e+04   1.1583881e+01
   1.5700000e+04   1.1583881e+01
   1.5800000e+04   1.1583881e+01
   1.5900000e+04   9.9844049e+00
   1.6000000e+04   7.6275167e+00
   1.6100000e+04   7.6275167e+00
   1.6200000e+04   7.6275167e+00
   1.6300000e+04   7.6275167e+00
   1.6400000e+04   6.8919729e+00
   1.6500000e+04   5.7222426e+00
   1.6600000e+04   5.7222426e+00
   1.6700000e+04   5.7222426e+00
   1.6800000e+04   5.7222426e+00
   1.6900000e+04   5.7222426e+00
   1.7000000e+04   5.7222426e+00
   1.7100000e+04   5.7222426e+00
   1.7200000e+04   5.7222426e+00
   1.7300000e+04   5.7222426e+00
   1.7400000e+04   5.4946615e+00
   1.7500000e+04   5.2914969e+00
   1.7600000e+04   5.2914969e+00
   1.7700000e+04   3.9122537e+00
   1.7800000e+04   3.9122537e+00
   1.7900000e+04   3.9122537e+00
   1.8000000e+04   3.9122537e+00
   1.8100000e+04   3.9122537e+00
   1.8200000e+04   3.9122537e+00
   1.8300000e+04   3.9122537e+00
   1.8400000e+04   3.5607974e+00
   1.8500000e+04   2.9893987e+00
   1.8600000e+04   2.9893987e+00
   1.8700000e+04   2.9893987e+00
   1.8800000e+04   2.9893987e+00
   1.8900000e+04   2.9893987e+00
   1.9000000e+04   2.9893987e+00
   1.9100000e+04   2.9893987e+00
   1.9200000e+04   2.6580601e+00
   1.9300000e+04   2.6580601e+00
   1.9400000e+04   2.6580601e+00
   1.9500000e+04   2.6580601e+00
   1.9600000e+04   2.6580601e+00
   1.9700000e+04   2.6580601e+00
   1.9800000e+04   2.6580601e+00
   1.9900000e+04   2.6580601e+00
   2.0000000e+04   2.6580601e+00
   2.0100000e+04   2.6580601e+00
   2.0200000e+04   2.4534237e+00
   2.0300000e+04   2.4093167e+00
   2.0400000e+04   2.4093167e+00
   2.0500000e+04   2.1152601e+00
   2.0600000e+04   2.1152601e+00
   2.0700000e+04   2.1150016e+00
   2.0800000e+04   2.1150016e+00
   2.0900000e+04   2.1150016e+00
   2.1000000e+04   2.1150016e+00
   2.1100000e+04   2.1150016e+00
   2.1200000e+04   2.1150016e+00
   2.1300000e+04   2.1150016e+00
   2.1400000e+04   2.1150016e+00
   2.1500000e+04   2.1150016e+00
   2.1600000e+04   2.1049951e+00
   2.1700000e+04   2.1049951e+00
   2.1800000e+04   2.1049951e+00
   2.1900000e+04   2.1049951e+00
   2.2000000e+04   2.1049951e+00
   2.2100000e+04   1.9506535e+00
   2.2200000e+04   1.9506535e+00
   2.2300000e+04   1.9506535e+00
   2.2400000e+04   1.9506535e+00
   2.2500000e+04   1.8978551e+00
   2.2600000e+04   1.8978551e+00
   2.2700000e+04   1.8504743e+00
   2.2800000e+04   1.8504743e+00
   2.2900000e+04   1.7992689e+00
   2.3000000e+04   1.7925679e+00
   2.3100000e+04   1.7925679e+00
   2.3200000e+04   1.7246513e+00
   2.3300000e+04   1.7246513e+00
   2.3400000e+04   1.3158147e+00
   2.3500000e+04   1.3158147e+00
   2.3600000e+04   1.3158147e+00
   2.3700000e+04   1.2948633e+00
   2.3800000e+04   1.2948633e+00
   2.3900000e+04   1.2948633e+00
   2.4000000e+04   1.1865950e+00
   2.4100000e+04   1.0023325e+00
   2.4200000e+04   1.0023325e+00
   2.4300000e+04   1.0023325e+00
   2.4400000e+04   1.0023325e+00
   2.4500000e+04   9.8255279e-01
   2.4600000e+04   9.8255279e-01
   2.4700000e+04   9.8255279e-01
   2.4800000e+04   9.8255279e-01
   2.4900000e+04   8.9298044e-01
   2.5000000e+04   8.9298044e-01
   2.5100000e+04   8.9298044e-01
   2.5200000e+04   8.4168059e-01
   2.5300000e+04   7.3607210e-01
   2.5400000e+04   7.3607210e-01
   2.5500000e+04   5.5584426e-01
   2.5600000e+04   5.5584426e-01
   2.5700000e+04   5.5584426e-01
   2.5800000e+04   5.5584426e-01
   2.5900000e+04   5.5584426e-01
   2.6000000e+04   5.5584426e-01
   2.6100000e+04   5.5584426e-01
   2.6200000e+04   5.5584426e-01
   2.6300000e+04   5.4782452e-01
   2.6400000e+04   5.4782452e-01
   2.6500000e+04   5.4782452e-01
   2.6600000e+04   5.4782452e-01
   2.6700000e+04   5.4782452e-01
   2.6800000e+04   5.4782452e-01
   2.6900000e+04   5.4782452e-01
   2.7000000e+04   4.1520663e-01
   2.7100000e+04   4.1520663e-01
   2.7200000e+04   4.1520663e-01
   2.7300000e+04   4.1520663e-01
   2.7400000e+04   4.1520663e-01
   2.7500000e+04   4.1520663e-01
   2.7600000e+04   4.1520663e-01
   2.7700000e+04   4.1520663e-01
   2.7800000e+04   4.1520663e-01
   2.7900000e+04   4.1520663e-01
   2.8000000e+04   4.1520663e-01
   2.8100000e+04   4.1520663e-01
   2.8200000e+04   4.0976325e-01
   2.8300000e+04   4.0976325e-01
   2.8400000e+04   4.0976325e-01
   2.8500000e+04   4.0976325e-01
   2.8600000e+04   4.0976325e-01
   2.8700000e+04   4.0976325e-01
   2.8800000e+04   4.0976325e-01
   2.8900000e+04   4.0976325e-01
   2.9000000e+04   4.0976325e-01
   2.9100000e+04   4.0976325e-01
   2.9200000e+04   3.7584893e-01
   2.9300000e+04   3.7584893e-01
   2.9400000e+04   3.7584893e-01
   2.9500000e+04   3.6996020e-01
   2.9600000e+04   3.6996020e-01
   2.9700000e+04   3.6996020e-01
   2.9800000e+04   3.6996020e-01
   2.9900000e+04   3.6996020e-01
   3.0000000e+04   3.6996020e-01
   3.0100000e+04   3.6996020e-01
   3.0200000e+04   3.6996020e-01
   3.0300000e+04   3.6996020e-01
   3.0400000e+04   3.6996020e-01
   3.0500000e+04   3.6996020e-01
   3.0600000e+04   3.6996020e-01
   3.0700000e+04   3.6996020e-01
   3.0800000e+04   3.6996020e-01
   3.0900000e+04   3.6996020e-01
   3.1000000e+04   3.6996020e-01
   3.1100000e+04   3.6996020e-01
   3.1200000e+04   3.6996020e-01
   3.1300000e+04   3.6996020e-01
   3.1400000e+04   3.6996020e-01
   3.1500000e+04   3.6996020e-01
   3.1600000e+04   3.4944327e-01
   3.1700000e+04   2.9427296e-01
   3.1800000e+04   2.9427296e-01
   3.1900000e+04   2.9427296e-01
   3.2000000e+04   2.8324900e-01
   3.2100000e+04   2.7977816e-01
   3.2200000e+04   2.7977816e-01
   3.2300000e+04   2.7977816e-01
   3.2400000e+04   2.7977816e-01
   3.2500000e+04   2.3153744e-01
   3.2600000e+04   2.3153744e-01
   3.2700000e+04   2.3153744e-01
   3.2800000e+04   2.2023600e-01
   3.2900000e+04   2.2023600e-01
   3.3000000e+04   2.2023600e-01
   3.3100000e+04   2.1291229e-01
   3.3200000e+04   2.1291229e-01
   3.3300000e+04   2.0922597e-01
   3.3400000e+04   2.0922597e-01
   3.3500000e+04   2.0738553e-01
   3.3600000e+04   2.0738553e-01
   3.3700000e+04   2.0738553e-01
   3.3800000e+04   1.9620184e-01
   3.3900000e+04   1.9620184e-01
   3.4000000e+04   1.9620184e-01
   3.4100000e+04   1.9620184e-01
   3.4200000e+04   1.9620184e-01
   3.4300000e+04   1.9620184e-01
   3.4400000e+04   1.8303550e-01
   3.4500000e+04   1.8258251e-01
   3.4600000e+04   1.7924547e-01
   3.4700000e+04   1.7924547e-01
   3.4800000e+04   1.6088016e-01
   3.4900000e+04   1.5580377e-01
   3.5000000e+04   1.5580377e-01
   3.5100000e+04   1.5580377e-01
   3.5200000e+04   1.5235150e-01
   3.5300000e+04   1.5235150e-01
   3.5400000e+04   1.5235150e-01
   3.5500000e+04   1.5235150e-01
   3.5600000e+04   1.5235150e-01
   3.5700000e+04   1.4747225e-01
   3.5800000e+04   1.3283045e-01
   3.5900000e+04   1.3283045e-01
   3.6000000e+04   1.3283045e-01
   3.6100000e+04   1.3283045e-01
   3.6200000e+04   1.3205899e-01
   3.6300000e+04   1.2143790e-01
   3.6400000e+04   1.2143790e-01
   3.6500000e+04   1.2143790e-01
   3.6600000e+04   1.2143790e-01
   3.6700000e+04   1.2143790e-01
   3.6800000e+04   1.1725628e-01
   3.6900000e+04   1.1725628e-01
   3.7000000e+04   1.1725628e-01
   3.7100000e+04   1.1559925e-01
   3.7200000e+04   1.1559925e-01
   3.7300000e+04   1.1559925e-01
   3.7400000e+04   1.1559925e-01
   3.7500000e+04   1.1559925e-01
   3.7600000e+04   1.1559925e-01
   3.7700000e+04   1.1559561e-01
   3.7800000e+04   1.1559561e-01
   3.7900000e+04   1.1559561e-01
   3.8000000e+04   1.1550931e-01
   3.8100000e+04   1.1550931e-01
   3.8200000e+04   1.1505016e-01
   3.8300000e+04   1.1495688e-01
   3.8400000e+04   1.1495688e-01
   3.8500000e+04   1.1464296e-01
   3.8600000e+04   1.1464296e-01
   3.8700000e+04   1.1274117e-01
   3.8800000e+04   1.1274117e-01
   3.8900000e+04   1.1270888e-01
   3.9000000e+04   1.0835159e-01
   3.9100000e+04   1.0835159e-01
   3.9200000e+04   1.0823499e-01
   3.9300000e+04   1.0823499e-01
   3.9400000e+04   1.0698764e-01
   3.9500000e+04   1.0651605e-01
   3.9600000e+04   1.0651605e-01
   3.9700000e+04   1.0651605e-01
   3.9800000e+04   1.0620205e-01
   3.9900000e+04   1.0593292e-01
   4.0000000e+04   1.0593292e-01
   4.0100000e+04   1.0593292e-01
   4.0200000e+04   1.0593292e-01
   4.0300000e+04   1.0593292e-01
   4.0400000e+04   1.0451291e-01
   4.0500000e+04   1.0423423e-01
   4.0600000e+04   1.0330827e-01
   4.0700000e+04   1.0110960e-01
   4.0800000e+04   1.0110960e-01
   4.0900000e+04   1.0110960e-01
   4.1000000e+04   9.8849583e-02
   4.1100000e+04   9.8849583e-02
   4.1200000e+04   9.8849583e-02
   4.1300000e+04   9.8849583e-02
   4.1400000e+04   9.8849583e-02
   4.1500000e+04   9.8285363e-02
   4.1600000e+04   9.7564835e-02
   4.1700000e+04   9.7242181e-02
   4.1800000e+04   9.4784620e-02
   4.1900000e+04   9.4784620e-02
   4.2000000e+04   9.3925483e-02
   4.2100000e+04   9.1176121e-02
   4.2200000e+04   9.1176121e-02
   4.2300000e+04   9.1176121e-02
   4.2400000e+04   9.1176121e-02
   4.2500000e+04   9.1176121e-02
   4.2600000e+04   9.0410368e-02
   4.2700000e+04   8.8205738e-02
   4.2800000e+04   8.8205738e-02
   4.2900000e+04   8.8205738e-02
   4.3000000e+04   8.8205738e-02
   4.3100000e+04   8.8205738e-02
   4.3200000e+04   8.8055931e-02
   4.3300000e+04   8.5690875e-02
   4.3400000e+04   8.5690875e-02
   4.3500000e+04   8.5690875e-02
   4.3600000e+04   8.5368112e-02
   4.3700000e+04   8.4603359e-02
   4.3800000e+04   8.4029585e-02
   4.3900000e+04   8.1714069e-02
   4.4000000e+04   8.1714069e-02
   4.4100000e+04   7.8925333e-02
   4.4200000e+04   7.8541360e-02
   4.4300000e+04   7.7126086e-02
   4.4400000e+04   7.6123325e-02
   4.4500000e+04   7.6123325e-02
   4.4600000e+04   7.6123325e-02
   4.4700000e+04   7.5827824e-02
   4.4800000e+04   7.5504140e-02
   4.4900000e+04   7.3548144e-02
   4.5000000e+04   7.2808585e-02
   4.5100000e+04   7.2347052e-02
   4.5200000e+04   7.1449782e-02
   4.5300000e+04   6.8062852e-02
   4.5400000e+04   6.7969396e-02
   4.5500000e+04   6.7969396e-02
   4.5600000e+04   6.7714893e-02
   4.5700000e+04   6.7714893e-02
   4.5800000e+04   6.6400747e-02
   4.5900000e+04   6.6372185e-02
   4.6000000e+04   6.5693398e-02
   4.6100000e+04   6.5145569e-02
   4.6200000e+04   6.5145569e-02
   4.6300000e+04   6.5145569e-02
   4.6400000e+04   6.4610547e-02
   4.6500000e+04   6.4298030e-02
   4.6600000e+04   6.3340769e-02
   4.6700000e+04   6.3340769e-02
   4.6800000e+04   6.2631572e-02
   4.6900000e+04   6.2631572e-02
   4.7000000e+04   6.2631572e-02
   4.7100000e+04   6.2020382e-02
   4.7200000e+04   6.2020382e-02
   4.7300000e+04   6.1423964e-02
   4.7400000e+04   6.1423964e-02
   4.7500000e+04   6.1423964e-02
   4.7600000e+04   6.0991620e-02
   4.7700000e+04   6.0666727e-02
   4.7800000e+04   5.9256963e-02
   4.7900000e+04   5.9256963e-02
   4.8000000e+04   5.9256963e-02
   4.8100000e+04   5.9256963e-02
   4.8200000e+04   5.8450865e-02
   4.8300000e+04   5.8218924e-02
   4.8400000e+04   5.7646010e-02
   4.8500000e+04   5.7646010e-02
   4.8600000e+04   5.7221295e-02
   4.8700000e+04   5.7016594e-02
   4.8800000e+04   5.6986211e-02
   4.8900000e+04   5.6986211e-02
   4.9000000e+04   5.6986211e-02
   4.9100000e+04   5.6986211e-02
   4.9200000e+04   5.6986211e-02
   4.9300000e+04   5.6986211e-02
   4.9400000e+04   5.6986211e-02
   4.9500000e+04   5.6635803e-02
   4.9600000e+04   5.6635803e-02
   4.9700000e+04   5.6457142e-02
   4.9800000e+04   5.5359284e-02
   4.9900000e+04   5.3781090e-02
   5.0000000e+04   5.3781090e-02
   5.0100000e+04   5.3781090e-02
   5.0200000e+04   5.3781090e-02
   5.0300000e+04   5.3781090e-02
   5.0400000e+04   5.2941630e-02
   5.0500000e+04   5.1573165e-02
   5.0600000e+04   5.0472534e-02
   5.0700000e+04   4.9788644e-02
   5.0800000e+04   4.9788644e-02
   5.0900000e+04   4.6807547e-02
   5.1000000e+04   4.4093589e-02
   5.1100000e+04   4.3409630e-02
   5.1200000e+04   4.3409630e-02
   5.1300000e+04   4.2186230e-02
   5.1400000e+04   4.0406649e-02
   5.1500000e+04   4.0406649e-02
   5.1600000e+04   3.8358066e-02
   5.1700000e+04   3.4448582e-02
   5.1800000e+04   3.4448582e-02
   5.1900000e+04   3.4448582e-02
   5.2000000e+04   3.4205483e-02
   5.2100000e+04   3.3851133e-02
   5.2200000e+04   3.3565618e-02
   5.2300000e+04   3.0758476e-02
   5.2400000e+04   3.0512365e-02
   5.2500000e+04   3.0512365e-02
   5.2600000e+04   3.0512365e-02
   5.2700000e+04   3.0512365e-02
   5.2800000e+04   3.0512365e-02
   5.2900000e+04   3.0512365e-02
   5.3000000e+04   3.0512365e-02
   5.3100000e+04   3.0512365e-02
   5.3200000e+04   3.0512365e-02
   5.3300000e+04   3.0512365e-02
   5.3400000e+04   2.9859903e-02
   5.3500000e+04   2.9859903e-02
   5.3600000e+04   2.9725114e-02
   5.3700000e+04   2.8964921e-02
   5.3800000e+04   2.8277218e-02
   5.3900000e+04   2.8195802e-02
   5.4000000e+04   2.7785657e-02
   5.4100000e+04   2.7785657e-02
   5.4200000e+04   2.7697226e-02
   5.4300000e+04   2.7083326e-02
   5.4400000e+04   2.7083326e-02
   5.4500000e+04   2.6925124e-02
   5.4600000e+04   2.6638695e-02
   5.4700000e+04   2.6638695e-02
   5.4800000e+04   2.6153507e-02
   5.4900000e+04   2.5785459e-02
   5.5000000e+04   2.5716253e-02
   5.5100000e+04   2.5609643e-02
   5.5200000e+04   2.5250169e-02
   5.5300000e+04   2.5250169e-02
   5.5400000e+04   2.5040649e-02
   5.5500000e+04   2.5040649e-02
   5.5600000e+04   2.4604284e-02
   5.5700000e+04   2.4604284e-02
   5.5800000e+04   2.4393733e-02
   5.5900000e+04   2.4393733e-02
   5.6000000e+04   2.4393733e-02
   5.6100000e+04   2.4393733e-02
   5.6200000e+04   2.4393733e-02
   5.6300000e+04   2.4393733e-02
   5.6400000e+04   2.4198111e-02
   5.6500000e+04   2.4003541e-02
   5.6600000e+04   2.4003541e-02
   5.6700000e+04   2.3945432e-02
   5.6800000e+04   2.3703116e-02
   5.6900000e+04   2.3703116e-02
   5.7000000e+04   2.3703116e-02
   5.7100000e+04   2.3520653e-02
   5.7200000e+04   2.3516693e-02
   5.7300000e+04   2.3516693e-02
   5.7400000e+04   2.3516693e-02
   5.7500000e+04   2.3516693e-02
   5.7600000e+04   2.3475949e-02
   5.7700000e+04   2.3475949e-02
   5.7800000e+04   2.3394428e-02
   5.7900000e+04   2.3394428e-02
   5.8000000e+04   2.3183556e-02
   5.8100000e+04   2.3082745e-02
   5.8200000e+04   2.2952276e-02
   5.8300000e+04   2.2498715e-02
   5.8400000e+04   2.2427715e-02
   5.8500000e+04   2.2356265e-02
   5.8600000e+04   2.2356265e-02
   5.8700000e+04   2.2356265e-02
   5.8800000e+04   2.2314362e-02
   5.8900000e+04   2.2314362e-02
   5.9000000e+04   2.2314362e-02
   5.9100000e+04   2.2261426e-02
   5.9200000e+04   2.2261426e-02
   5.9300000e+04   2.2097304e-02
   5.9400000e+04   2.1938762e-02
   5.9500000e+04   2.1938762e-02
   5.9600000e+04   2.1933449e-02
   5.9700000e+04   2.1569525e-02
   5.9800000e+04   2.1528811e-02
   5.9900000e+04   2.1424636e-02
   6.0000000e+04   2.1323999e-02
   6.0100000e+04   2.1242442e-02
   6.0200000e+04   2.0764029e-02
   6.0300000e+04   2.0279306e-02
   6.0400000e+04   2.0279306e-02
   6.0500000e+04   2.0227616e-02
   6.0600000e+04   2.0055070e-02
   6.0700000e+04   1.9998399e-02
   6.0800000e+04   1.9800105e-02
   6.0900000e+04   1.9669902e-02
   6.1000000e+04   1.9669902e-02
   6.1100000e+04   1.9669902e-02
   6.1200000e+04   1.9669902e-02
   6.1300000e+04   1.9407725e-02
   6.1400000e+04   1.9072128e-02
   6.1500000e+04   1.8881906e-02
   6.1600000e+04   1.8562597e-02
   6.1700000e+04   1.7900935e-02
   6.1800000e+04   1.7900935e-02
   6.1900000e+04   1.7599384e-02
   6.2000000e+04   1.7599384e-02
   6.2100000e+04   1.7599384e-02
   6.2200000e+04   1.7599384e-02
   6.2300000e+04   1.7599384e-02
   6.2400000e+04   1.7599384e-02
   6.2500000e+04   1.7169108e-02
   6.2600000e+04   1.7169108e-02
   6.2700000e+04   1.7075380e-02
   6.2800000e+04   1.6938791e-02
   6.2900000e+04   1.6636916e-02
   6.3000000e+04   1.6341307e-02
   6.3100000e+04   1.6341307e-02
   6.3200000e+04   1.6147423e-02
   6.3300000e+04   1.5933980e-02
   6.3400000e+04   1.5697525e-02
   6.3500000e+04   1.5664106e-02
   6.3600000e+04   1.5664106e-02
   6.3700000e+04   1.5242365e-02
   6.3800000e+04   1.5231695e-02
   6.3900000e+04   1.5185527e-02
   6.4000000e+04   1.4643262e-02
   6.4100000e+04   1.4633567e-02
   6.4200000e+04   1.4633567e-02
   6.4300000e+04   1.4633567e-02
   6.4400000e+04   1.4633567e-02
   6.4500000e+04   1.4461954e-02
   6.4600000e+04   1.4380308e-02
   6.4700000e+04   1.4380308e-02
   6.4800000e+04   1.4232037e-02
   6.4900000e+04   1.4232037e-02
   6.5000000e+04   1.4232037e-02
   6.5100000e+04   1.4232037e-02
   6.5200000e+04   1.4106084e-02
   6.5300000e+04   1.3978264e-02
   6.5400000e+04   1.3978264e-02
   6.5500000e+04   1.3835692e-02
   6.5600000e+04   1.3835692e-02
   6.5700000e+04   1.3835692e-02
   6.5800000e+04   1.3835692e-02
   6.5900000e+04   1.3721869e-02
   6.6000000e+04   1.3721869e-02
   6.6100000e+04   1.3688319e-02
   6.6200000e+04   1.3688319e-02
   6.6300000e+04   1.3667326e-02
   6.6400000e+04   1.3667326e-02
   6.6500000e+04   1.3667326e-02
   6.6600000e+04   1.3600796e-02
   6.6700000e+04   1.3412322e-02
   6.6800000e+04   1.3368997e-02
   6.6900000e+04   1.3329025e-02
   6.7000000e+04   1.3329025e-02
   6.7100000e+04   1.3028428e-02
   6.7200000e+04   1.3028428e-02
   6.7300000e+04   1.3028428e-02
   6.7400000e+04   1.3028428e-02
   6.7500000e+04   1.3028428e-02
   6.7600000e+04   1.3016960e-02
   6.7700000e+04   1.2998854e-02
   6.7800000e+04   1.2833414e-02
   6.7900000e+04   1.2697170e-02
   6.8000000e+04   1.2697170e-02
   6.8100000e+04   1.2567818e-02
   6.8200000e+04   1.2522373e-02
   6.8300000e+04   1.2522373e-02
   6.8400000e+04   1.2398270e-02
   6.8500000e+04   1.2338880e-02
   6.8600000e+04   1.2136136e-02
   6.8700000e+04   1.2067255e-02
   6.8800000e+04   1.1945371e-02
   6.8900000e+04   1.1905939e-02
   6.9000000e+04   1.1892989e-02
   6.9100000e+04   1.1754437e-02
   6.9200000e+04   1.1754437e-02
   6.9300000e+04   1.1696588e-02
   6.9400000e+04   1.1696588e-02
   6.9500000e+04   1.1626484e-02
   6.9600000e+04   1.1626484e-02
   6.9700000e+04   1.1626484e-02
   6.9800000e+04   1.1366977e-02
   6.9900000e+04   1.1358566e-02
   7.0000000e+04   1.1045433e-02
   7.0100000e+04   1.0966780e-02
   7.0200000e+04   1.0842117e-02
   7.0300000e+04   1.0564739e-02
   7.0400000e+04   1.0564739e-02
   7.0500000e+04   1.0564739e-02
   7.0600000e+04   1.0564739e-02
   7.0700000e+04   1.0564739e-02
   7.0800000e+04   1.0564739e-02
   7.0900000e+04   1.0114521e-02
   7.1000000e+04   1.0114521e-02
   7.1100000e+04   1.0114521e-02
   7.1200000e+04   1.0025372e-02
   7.1300000e+04   9.5921268e-03
   7.1400000e+04   9.5921268e-03
   7.1500000e+04   9.5921268e-03
   7.1600000e+04   9.2982263e-03
   7.1700000e+04   9.0790509e-03
   7.1800000e+04   8.8732777e-03
   7.1900000e+04   8.8732777e-03
   7.2000000e+04   8.8732777e-03
   7.2100000e+04   8.8732777e-03
   7.2200000e+04   8.8732777e-03
   7.2300000e+04   8.8388087e-03
   7.2400000e+04   8.6443938e-03
   7.2500000e+04   8.3750723e-03
   7.2600000e+04   8.1654482e-03
   7.2700000e+04   8.0577736e-03
   7.2800000e+04   7.4469636e-03
   7.2900000e+04   7.3190803e-03
   7.3000000e+04   7.3175829e-03
   7.3100000e+04   7.1976731e-03
   7.3200000e+04   7.1741498e-03
   7.3300000e+04   7.1741498e-03
   7.3400000e+04   7.1741498e-03
   7.3500000e+04   7.0588767e-03
   7.3600000e+04   7.0588767e-03
   7.3700000e+04   7.0575634e-03
   7.3800000e+04   7.0575634e-03
   7.3900000e+04   7.0575634e-03
   7.4000000e+04   7.0028530e-03
   7.4100000e+04   6.9921874e-03
   7.4200000e+04   6.9921874e-03
   7.4300000e+04   6.9921874e-03
   7.4400000e+04   6.8457571e-03
   7.4500000e+04   6.8121643e-03
   7.4600000e+04   6.7006183e-03
   7.4700000e+04   6.6340440e-03
   7.4800000e+04   6.6340440e-03
   7.4900000e+04   6.5505175e-03
   7.5000000e+04   6.5505175e-03
   7.5100000e+04   6.4719503e-03
   7.5200000e+04   6.4719503e-03
   7.5300000e+04   6.4719503e-03
   7.5400000e+04   6.4448934e-03
   7.5500000e+04   6.4448934e-03
   7.5600000e+04   6.4448934e-03
   7.5700000e+04   6.3916929e-03
   7.5800000e+04   6.3916929e-03
   7.5900000e+04   6.3916929e-03
   7.6000000e+04   6.3813974e-03
   7.6100000e+04   6.3267685e-03
   7.6200000e+04   6.3026572e-03
   7.6300000e+04   6.2433234e-03
   7.6400000e+04   6.1720753e-03
   7.6500000e+04   6.0495660e-03
   7.6600000e+04   6.0495660e-03
   7.6700000e+04   6.0495660e-03
   7.6800000e+04   6.0495660e-03
   7.6900000e+04   6.0064406e-03
   7.7000000e+04   5.9536021e-03
   7.7100000e+04   5.8949391e-03
   7.7200000e+04   5.8949391e-03
   7.7300000e+04   5.8943590e-03
   7.7400000e+04   5.7907534e-03
   7.7500000e+04   5.7599018e-03
   7.7600000e+04   5.7599018e-03
   7.7700000e+04   5.6825679e-03
   7.7800000e+04   5.6438058e-03
   7.7900000e+04   5.6377784e-03
   7.8000000e+04   5.5708010e-03
   7.8100000e+04   5.5377175e-03
   7.8200000e+04   5.4104717e-03
   7.8300000e+04   5.2485515e-03
   7.8400000e+04   5.0706520e-03
   7.8500000e+04   4.7020451e-03
   7.8600000e+04   4.4939820e-03
   7.8700000e+04   4.1788561e-03
   7.8800000e+04   4.1788561e-03
   7.8900000e+04   4.0228353e-03
   7.9000000e+04   4.0210668e-03
   7.9100000e+04   3.9593897e-03
   7.9200000e+04   3.7998538e-03
   7.9300000e+04   3.7998538e-03
   7.9400000e+04   3.7950489e-03
   7.9500000e+04   3.7950489e-03
   7.9600000e+04   3.7950489e-03
   7.9700000e+04   3.7950489e-03
   7.9800000e+04   3.7950489e-03
   7.9900000e+04   3.7513471e-03
   8.0000000e+04   3.7507360e-03
   8.0100000e+04   3.6021728e-03
   8.0200000e+04   3.5663003e-03
   8.0300000e+04   3.5261708e-03
   8.0400000e+04   3.5261708e-03
   8.0500000e+04   3.4726302e-03
   8.0600000e+04   3.4726302e-03
   8.0700000e+04   3.4726302e-03
   8.0800000e+04   3.4704293e-03
   8.0900000e+04   3.3906488e-03
   8.1000000e+04   3.2470246e-03
   8.1100000e+04   3.2470246e-03
   8.1200000e+04   3.2226469e-03
   8.1300000e+04   3.1834873e-03
   8.1400000e+04   3.1268027e-03
   8.1500000e+04   3.1268027e-03
   8.1600000e+04   3.1268027e-03
   8.1700000e+04   3.1268027e-03
   8.1800000e+04   2.9862775e-03
   8.1900000e+04   2.9862775e-03
   8.2000000e+04   2.9862775e-03
   8.2100000e+04   2.9862775e-03
   8.2200000e+04   2.9862775e-03
   8.2300000e+04   2.9862775e-03
   8.2400000e+04   2.9862775e-03
   8.2500000e+04   2.9862775e-03
   8.2600000e+04   2.9449158e-03
   8.2700000e+04   2.9449158e-03
   8.2800000e+04   2.9449158e-03
   8.2900000e+04   2.9449158e-03
   8.3000000e+04   2.9449158e-03
   8.3100000e+04   2.9416094e-03
   8.3200000e+04   2.9386346e-03
   8.3300000e+04   2.9305843e-03
   8.3400000e+04   2.9171011e-03
   8.3500000e+04   2.9079244e-03
   8.3600000e+04   2.8823377e-03
   8.3700000e+04   2.8823377e-03
   8.3800000e+04   2.8823377e-03
   8.3900000e+04   2.8823377e-03
   8.4000000e+04   2.8679067e-03
   8.4100000e+04   2.8573206e-03
   8.4200000e+04   2.8573206e-03
   8.4300000e+04   2.8528009e-03
   8.4400000e+04   2.8301671e-03
   8.4500000e+04   2.8230076e-03
   8.4600000e+04   2.7921515e-03
   8.4700000e+04   2.7921515e-03
   8.4800000e+04   2.7921515e-03
   8.4900000e+04   2.7921515e-03
   8.5000000e+04   2.7755162e-03
   8.5100000e+04   2.7755162e-03
   8.5200000e+04   2.7755162e-03
   8.5300000e+04   2.7660845e-03
   8.5400000e+04   2.7660845e-03
   8.5500000e+04   2.7660845e-03
   8.5600000e+04   2.7580709e-03
   8.5700000e+04   2.7580709e-03
   8.5800000e+04   2.7468493e-03
   8.5900000e+04   2.7371730e-03
   8.6000000e+04   2.7331384e-03
   8.6100000e+04   2.7206793e-03
   8.6200000e+04   2.7175282e-03
   8.6300000e+04   2.7133243e-03
   8.6400000e+04   2.7035393e-03
   8.6500000e+04   2.6841050e-03
   8.6600000e+04   2.6687605e-03
   8.6700000e+04   2.6562835e-03
   8.6800000e+04   2.6490826e-03
   8.6900000e+04   2.6487426e-03
   8.7000000e+04   2.6368847e-03
   8.7100000e+04   2.6336909e-03
   8.7200000e+04   2.6245718e-03
   8.7300000e+04   2.6187724e-03
   8.7400000e+04   2.6187724e-03
   8.7500000e+04   2.6120617e-03
   8.7600000e+04   2.6120617e-03
   8.7700000e+04   2.5794190e-03
   8.7800000e+04   2.5794190e-03
   8.7900000e+04   2.5794190e-03
   8.8000000e+04   2.5546330e-03
   8.8100000e+04   2.5341720e-03
   8.8200000e+04   2.5236005e-03
   8.8300000e+04   2.5068449e-03
   8.8400000e+04   2.4285790e-03
   8.8500000e+04   2.3813848e-03
   8.8600000e+04   2.2679662e-03
   8.8700000e+04   2.2679662e-03
   8.8800000e+04   2.2617415e-03
   8.8900000e+04   2.1751241e-03
   8.9000000e+04   2.1414087e-03
   8.9100000e+04   2.1414087e-03
   8.9200000e+04   2.1385877e-03
   8.9300000e+04   2.1366758e-03
   8.9400000e+04   2.1122035e-03
   8.9500000e+04   2.0919902e-03
   8.9600000e+04   2.0301077e-03
   8.9700000e+04   2.0293142e-03
   8.9800000e+04   1.9305818e-03
   8.9900000e+04   1.8695649e-03
   9.0000000e+04   1.8022384e-03
   9.0100000e+04   1.8022384e-03
   9.0200000e+04   1.8022384e-03
   9.0300000e+04   1.8018301e-03
   9.0400000e+04   1.7871672e-03
   9.0500000e+04   1.7469550e-03
   9.0600000e+04   1.6938574e-03
   9.0700000e+04   1.6616232e-03
   9.0800000e+04   1.6496362e-03
   9.0900000e+04   1.6496362e-03
   9.1000000e+04   1.6256003e-03
   9.1100000e+04   1.6256003e-03
   9.1200000e+04   1.6256003e-03
   9.1300000e+04   1.6256003e-03
   9.1400000e+04   1.5964766e-03
   9.1500000e+04   1.5964766e-03
   9.1600000e+04   1.5964766e-03
   9.1700000e+04   1.5825779e-03
   9.1800000e+04   1.5748738e-03
   9.1900000e+04   1.5748738e-03
   9.2000000e+04   1.4830822e-03
   9.2100000e+04   1.4830822e-03
   9.2200000e+04   1.4830302e-03
   9.2300000e+04   1.4780999e-03
   9.2400000e+04   1.4382661e-03
   9.2500000e+04   1.4030354e-03
   9.2600000e+04   1.3496309e-03
   9.2700000e+04   1.3417861e-03
   9.2800000e+04   1.3417861e-03
   9.2900000e+04   1.3417861e-03
   9.3000000e+04   1.3370996e-03
   9.3100000e+04   1.3248641e-03
   9.3200000e+04   1.2833940e-03
   9.3300000e+04   1.2551251e-03
   9.3400000e+04   1.2362414e-03
   9.3500000e+04   1.1552035e-03
   9.3600000e+04   1.1552035e-03
   9.3700000e+04   1.1552035e-03
   9.3800000e+04   1.1552035e-03
   9.3900000e+04   1.1529193e-03
   9.4000000e+04   1.1529193e-03
   9.4100000e+04   1.1410580e-03
   9.4200000e+04   1.1315458e-03
   9.4300000e+04   1.1315458e-03
   9.4400000e+04   1.1091464e-03
   9.4500000e+04   1.0866377e-03
   9.4600000e+04   1.0740764e-03
   9.4700000e+04   1.0735167e-03
   9.4800000e+04   1.0634035e-03
   9.4900000e+04   1.0231065e-03
   9.5000000e+04   9.5892350e-04
   9.5100000e+04   9.5892350e-04
   9.5200000e+04   9.5892350e-04
   9.5300000e+04   9.5892350e-04
   9.5400000e+04   9.2183351e-04
   9.5500000e+04   9.2183351e-04
   9.5600000e+04   9.2183351e-04
   9.5700000e+04   9.0328727e-04
   9.5800000e+04   9.0328727e-04
   9.5900000e+04   9.0328727e-04
   9.6000000e+04   8.9303565e-04
   9.6100000e+04   8.5985588e-04
   9.6200000e+04   8.3569196e-04
   9.6300000e+04   8.3506611e-04
   9.6400000e+04   8.3506611e-04
   9.6500000e+04   8.2981928e-04
   9.6600000e+04   8.2981928e-04
   9.6700000e+04   8.2192046e-04
   9.6800000e+04   8.2192046e-04
   9.6900000e+04   8.0946043e-04
   9.7000000e+04   7.7886194e-04
   9.7100000e+04   7.7886194e-04
   9.7200000e+04   7.7624970e-04
   9.7300000e+04   7.7624970e-04
   9.7400000e+04   7.7624970e-04
   9.7500000e+04   7.7139057e-04
   9.7600000e+04   7.4433827e-04
   9.7700000e+04   7.4433827e-04
   9.7800000e+04   7.3188394e-04
   9.7900000e+04   7.3188394e-04
   9.8000000e+04   7.3082869e-04
   9.8100000e+04   7.3082869e-04
   9.8200000e+04   7.2308951e-04
   9.8300000e+04   7.2308951e-04
   9.8400000e+04   7.2308951e-04
   9.8500000e+04   7.2201012e-04
   9.8600000e+04   7.2201012e-04
   9.8700000e+04   7.2201012e-04
   9.8800000e+04   7.1515707e-04
   9.8900000e+04   7.0018415e-04
   9.9000000e+04   7.0018415e-04
   9.9100000e+04   6.8461542e-04
   9.9200000e+04   6.6925569e-04
   9.9300000e+04   6.5666792e-04
   9.9400000e+04   6.5666792e-04
   9.9500000e+04   6.5666792e-04
   9.9600000e+04   6.5666792e-04
   9.9700000e+04   6.4438649e-04
   9.9800000e+04   6.3056388e-04
   9.9900000e+04   6.2879931e-04
   1.0000000e+05   6.2879931e-04
   1.0000000e+05   6.2879931e-04
