   4.0000000e-01   5.0000000e-01   6.0000000e-01   7.0000000e-01   8.0000000e-01
   1.3208787e+00   9.2952476e-02   1.4139237e-04   4.9654061e-26   1.4201404e-07
   1.0000000e+05   1.0000000e+05   1.0000000e+05   1.0000000e+05   1.0000000e+05
   4.3750000e+02   4.3750000e+02   4.3750000e+02   4.3750000e+02   5.0000000e+01
   1.4290574e+02   7.6266809e+01   1.4659464e+01   1.2347421e+01   1.5763439e+00
   1.4935727e+02   1.2962002e+02   6.2399485e+01   6.2435951e+01   7.4112414e+00
   1.1871081e+01   3.0261988e+01   4.2519554e+01   3.4524661e+01   3.1383229e+01
   5.8116690e+00   1.1735385e+01   1.4469239e+01   8.7615092e+00   4.5780190e+00
   1.4240028e+01   2.0325568e+01   3.3859180e+01   2.1761261e+01   3.3186486e+01
   1.3579135e+00   2.7698204e+01   2.5584703e+01   4.4556373e+01   5.9982109e+01
   3.1638391e+01   2.3316292e+01  -5.3168907e+01   2.8034198e+01   2.7802153e+01
   1.9532381e+01   1.0715194e+01   8.4668757e+00   1.8932061e-01  -9.4772285e+00
  -1.1428167e+01   7.0986747e+00   5.9374912e+01   9.5943459e-01  -4.8095232e+00
   4.2421024e+01   5.0616558e+01   4.3472732e+01   4.8028401e+01   4.0832211e+01
   5.3619490e+00   3.8239361e+00   5.8382302e+00   3.7684421e+00   3.7388676e+00
   1.5528411e+00   5.5286849e-01   6.1538481e+00   2.2794689e+00   2.6410806e+00
   2.0611546e+00   2.4598130e+00   6.2831853e+00   2.8472382e+00   3.4566430e+00
   2.7902198e+00   2.8922048e+00   1.2207068e-01   3.3745137e+00   4.1586807e+00
   3.2361139e+00   3.3877741e+00   2.4194196e-01   3.9383767e+00   4.8527005e+00
   4.1920766e+00   3.9918129e+00   3.6329549e-01   4.5801015e+00   5.5308653e+00
   4.5975147e+00   4.9695644e+00   4.8931042e-01   5.5453016e+00   3.6763899e-03
