   2.0000000e-01   3.0000000e-01   4.0000000e-01   5.0000000e-01   6.0000000e-01   7.0000000e-01   8.0000000e-01   9.0000000e-01
   1.2858916e-09   1.6756558e-06   9.0032495e-07   1.1242384e-04   1.5408799e-03   1.0489433e-03   5.8238344e-01   1.0761026e+01
   1.0000000e+05   1.0000000e+05   1.0000000e+05   1.0000000e+05   1.0000000e+05   1.0000000e+05   1.0000000e+05   1.0000000e+05
   5.0341503e+01   1.2605577e+01   3.5000001e+02   1.3330144e+01   5.0539226e+01   3.0888363e+01   2.3486081e+02   4.9871375e+02
   2.1648029e+00   3.6365682e-01   7.3333217e+00   1.2198513e+00   1.3330345e+00   1.5015850e+00   3.9577549e+01   1.4647868e+02
   7.7908837e+00   1.7846937e+00   4.9481902e+01   3.5011005e+00   7.3166059e+00   5.0709737e+00   4.6865779e+01   1.0095558e+02
   3.2420345e+01   3.7690385e+01   8.5799970e+00   4.9146999e+01   5.9598612e+01   2.7564078e+01   4.0530028e+01   3.7066341e+01
   1.0356799e+01   3.4379978e+01   5.0376536e+00   1.6291377e+01   1.3045413e+01   1.3322827e+01   9.1230780e+00   9.3771764e+00
   2.3137919e+01   5.5111296e+01   2.3958535e+01   3.7433968e+01   3.0436998e+01   2.9099963e+01   5.6443784e+01   4.2264400e+01
   3.3309994e+01   1.5797467e+01   2.5473133e+01   3.0114069e+01   4.3518053e+01   3.6849789e+01   4.9121271e+01   2.4185021e+01
   3.2781390e+01   5.2207219e+01   2.0221913e+01  -7.0798040e+00   2.5377337e+01   4.2637790e+01   4.7168836e+01   3.3934580e+01
   2.0519015e+01  -1.2818168e+01  -1.9867535e+01   5.5814443e+01   1.5663058e+01  -2.3142863e-01   9.1359563e+00   8.5416571e+00
  -1.1071109e+01  -5.1293526e+00  -3.3009662e+00   5.9826078e+01   2.6683742e+01  -9.1592509e+00   5.2999490e+01   3.8403015e+01
   5.7799712e+01   1.7633731e+01   3.8249681e+01   1.2890861e+01   4.6036378e+00   4.9194116e+01  -1.0738927e+00   5.1979500e+00
   3.9317854e+00   7.3648499e-01   5.2317222e+00   3.6172946e-01   5.3014137e-01   4.2243528e+00   1.1879923e+00   1.3888726e+00
   1.5918697e+00   3.4048458e+00   1.6240369e+00   6.0344030e+00   4.6448175e+00   2.7882736e+00   4.6090299e+00   3.8428757e+00
   2.3376894e+00   3.6573645e+00   2.3284562e+00   6.1597665e+00   5.5910292e+00   3.1411311e+00   5.3594314e+00   4.8260458e+00
   2.7752102e+00   3.9330658e+00   3.0184303e+00   6.2787435e+00   5.9677567e+00   3.5191545e+00   5.7305427e+00   5.2993886e+00
   3.1675204e+00   4.2027957e+00   3.7313845e+00   1.1309939e-01   6.2821566e+00   3.9279968e+00   6.0267836e+00   5.6452171e+00
   3.5455586e+00   4.4514552e+00   4.4316268e+00   2.3321656e-01   3.1858233e-01   4.3710272e+00   1.1686724e-01   6.0384896e+00
   8.3598848e-03   1.7908679e+00   5.1568389e+00   3.6002543e-01   7.4555403e-01   4.8845827e+00   8.1169865e-01   4.5620968e-01
