   1.0000000e-01   2.0000000e-01   1.0000000e-01   3.0000000e-01   2.0000000e-01   1.0000000e-01   4.0000000e-01   3.0000000e-01   2.5000000e-01   2.0000000e-01   1.0000000e-01   5.0000000e-01   4.0000000e-01   3.0000000e-01   2.0000000e-01   1.0000000e-01
   1.0000000e-01   1.0000000e-01   2.0000000e-01   1.0000000e-01   2.0000000e-01   3.0000000e-01   1.0000000e-01   2.0000000e-01   2.5000000e-01   3.0000000e-01   4.0000000e-01   1.0000000e-01   2.0000000e-01   3.0000000e-01   4.0000000e-01   5.0000000e-01
   8.0000000e-01   7.0000000e-01   7.0000000e-01   6.0000000e-01   6.0000000e-01   6.0000000e-01   5.0000000e-01   5.0000000e-01   5.0000000e-01   5.0000000e-01   5.0000000e-01   4.0000000e-01   4.0000000e-01   4.0000000e-01   4.0000000e-01   4.0000000e-01
   1.3303332e-07   1.1210660e-25   5.0487098e-29   2.5243549e-29   3.8707802e-05   1.6723851e-26   2.3981372e-28   1.2806933e-05   1.1359597e-28   1.7670484e-28   1.6035828e-05   4.5438388e-28   1.4073279e-26   6.1215606e-27   6.3108872e-29   8.5828066e-28
   1.0000000e+05   1.0000000e+05   1.0000000e+05   1.0000000e+05   1.0000000e+05   1.0000000e+05   1.0000000e+05   1.0000000e+05   1.0000000e+05   1.0000000e+05   1.0000000e+05   1.0000000e+05   1.0000000e+05   1.0000000e+05   1.0000000e+05   1.0000000e+05
   5.0000000e+01   1.2762222e+01   4.3750000e+02   4.3750000e+02   1.3165421e+01   1.2511675e+01   3.5000000e+02   4.3750000e+02   4.3750000e+02   1.2514277e+01   4.3750000e+02   4.3750000e+02   4.3750000e+02   5.0000000e+01   4.3750000e+02   4.3750000e+02
   3.1285514e+00   1.3201141e+00   1.7572289e+01   1.9294437e+01   1.8699043e+00   1.0751382e+00   1.1313117e+01   1.1565642e+01   1.1044217e+01   1.2934463e+00   2.5134108e+01   1.0374894e+01   1.9995628e+01   2.9884022e+00   2.0818718e+01   1.0687930e+01
   1.0245650e+01   3.7897489e+00   8.6587902e+01   8.6567586e+01   4.3824243e+00   3.4112682e+00   5.2430166e+01   6.2352347e+01   6.2047031e+01   3.7770246e+00   9.3227443e+01   6.2085586e+01   7.9846929e+01   9.1909632e+00   8.6759663e+01   6.1750188e+01
   3.7918193e+01   1.7027739e+01   5.7753851e+01   5.9762369e+01   4.8385775e+01   1.3775193e+01   1.3728078e+01   3.1142689e+01   1.8986249e+01   5.4738626e+01   1.3768593e+01   3.7752560e+01   3.5716676e+01   5.5500386e+01   1.6841362e+01   2.6666007e+01
   8.4484342e+00   5.8837924e+01   1.3560801e+01   8.4411323e+00   1.5475563e+01   3.4209329e+00   5.3163782e+00   9.8635701e+00   6.3372543e+00   2.4366204e+01   4.9377280e+00   2.2507703e+01   9.0665241e+00   1.7204676e+01   2.3973859e+01   5.5231624e+01
   2.8448025e+01   4.3475545e+01   1.0123513e+01   7.7665214e+00   2.4230856e+01   1.1529265e+01   1.9480516e+01   2.3268409e+01   1.9029645e+01   5.3524348e+01   5.9801691e+01   4.4384970e+01   2.3781983e+01   5.4625781e+01   2.1353862e+01   5.6221317e+01
   3.7763962e+01   1.6601065e+00   5.5048912e+01   5.9920499e+01   5.7140827e+01   8.2389910e-01   2.7854235e+01   7.8021386e-01   1.5774611e+01   9.9511983e+00   5.1510761e+01   3.0637627e+01   3.7640006e+01   1.0251778e+01   4.6347183e+00   2.4747090e+01
   3.8750861e+01   4.6777729e+01   9.5183371e+00  -3.3722130e+00   3.2573415e+01  -1.5009909e+01   1.9139846e+01  -4.7674326e+01   3.2554383e+01  -2.6977975e+01  -4.3054298e+00   5.4282057e+01   3.1598934e+01  -5.9735213e+01   2.1423538e+00   5.6708162e+01
   1.7124256e+01   3.0246164e+01  -1.1745294e+00  -8.0856013e+00   1.0666862e+01   4.0367977e+01  -8.6356290e+00  -7.4148677e+00   1.8422593e+01  -1.1650937e+01  -5.7658055e+01   2.0126902e+01   1.1974760e+01  -5.5964633e+00  -8.6261934e+00  -1.6706477e+00
  -1.0600482e+01   3.6998455e+00   1.6210466e+01   2.0324320e+01  -5.8196764e+00   5.9996958e+01   4.3321275e+00   5.8383285e+01  -1.0587010e+01   6.0542064e+00  -3.2882774e+01  -1.2309601e+01  -3.3100636e+00   1.1788681e+01   4.0641796e+00   1.6661845e+01
   5.9643331e+01   2.4692332e+01   3.1243493e+01   3.1625405e+01   5.9999999e+01   2.2188996e+01   3.9348114e+01   4.1303263e+01   5.0709793e+01   5.1895831e+00   2.7656048e+01   5.9960889e+01   5.5294306e+01  -2.7181523e+01   3.7310917e+01   3.1865276e+01
   3.9742475e+00   2.5307409e+00   4.6224544e-02   4.2516790e+00   3.6652551e+00   9.8125732e-01   4.1897082e+00   6.1767704e+00   4.3969214e+00   4.9322386e+00   9.4680146e-01   4.2339960e+00   3.8619724e+00   4.8940573e+00   5.0831261e+00   1.6845621e-04
   1.7797519e+00   4.7130397e+00   4.2287465e+00   5.8672151e+00   2.0633013e+00   4.8423769e+00   1.8752061e+00   5.6834315e+00   7.6842691e-01   7.4136761e-01   1.5524009e+00   5.7822912e+00   1.7485812e+00   5.5701313e-01   6.2805328e+00   2.8593966e-01
   2.4751748e+00   5.0104405e+00   4.4640798e+00   1.6315918e+00   2.4634368e+00   5.7702328e+00   2.7506162e+00   5.8607043e+00   2.2698736e+00   1.0094852e+00   1.9686596e+00   3.0687205e+00   2.4593713e+00   9.4676365e-01   1.7533843e-01   3.4634222e+00
   2.9826103e+00   5.3085046e+00   5.8398629e+00   1.9329608e+00   2.7871011e+00   5.9667682e+00   3.5501257e+00   6.0279804e+00   2.8502610e+00   1.2389290e+00   2.3903774e+00   3.3452085e+00   2.9665283e+00   1.2633748e+00   4.7006622e-01   3.8308781e+00
   3.4760073e+00   5.5592379e+00   1.4649563e-01   2.2322931e+00   3.0934616e+00   1.4811006e-06   4.4239969e+00   6.1910167e+00   3.3999378e+00   1.4451889e+00   2.8122380e+00   3.6579944e+00   3.4631657e+00   1.5542274e+00   8.4554739e-01   5.1711259e+00
   4.0206663e+00   5.7447336e+00   3.3058724e-01   2.5454920e+00   3.3992788e+00   4.1958693e-01   5.2774468e+00   6.3888363e-02   3.9708628e+00   1.6410058e+00   3.2339300e+00   4.0288222e+00   4.0040719e+00   1.8479613e+00   1.1514973e+00   5.8000374e+00
   5.0472427e+00   5.8724435e+00   1.9576567e+00   2.9316606e+00   3.7097148e+00   1.1451150e+00   1.5244781e-04   2.2259576e-01   4.9770162e+00   1.8386689e+00   3.6683486e+00   4.9357100e+00   5.6245729e+00   2.1861358e+00   1.3430177e+00   6.0445527e+00
