   9.4365379e+01   1.0000000e+05   1.4339303e+01   5.5844954e+01   1.9690922e+01   2.0518515e+01   0.0000000e+00   0.0000000e+00   0.0000000e+00   0.0000000e+00
   3.0294541e+01   1.0000000e+05   1.5009131e+01   1.2142980e+01   2.0074896e+01   2.4933593e+01   0.0000000e+00   0.0000000e+00   0.0000000e+00   0.0000000e+00
   2.2337506e+01   1.0000000e+05   1.2914145e+01   5.5304709e+01   1.9879907e+01   2.9812087e+01   0.0000000e+00   0.0000000e+00   0.0000000e+00   0.0000000e+00
   2.0790205e+01   1.0000000e+05   1.2856010e+01   5.8765481e+01   1.9728307e+01   3.4282687e+01   0.0000000e+00   0.0000000e+00   0.0000000e+00   0.0000000e+00
   1.1892818e+01   1.0000000e+05   2.1034495e+01   4.2196413e+01   1.9719558e+01   3.9471446e+01   0.0000000e+00   0.0000000e+00   0.0000000e+00   0.0000000e+00
   4.3021605e+00   1.0000000e+05   1.4313568e+01  -7.4535018e-01   1.9644443e+01   4.5417105e+01   0.0000000e+00   0.0000000e+00   0.0000000e+00   0.0000000e+00
   8.8237295e+01   1.0000000e+05   1.3582653e+01   3.5391943e+01   0.0000000e+00   0.0000000e+00   0.0000000e+00   0.0000000e+00   0.0000000e+00   0.0000000e+00
   2.9268477e+01   1.0000000e+05   1.2907735e+01  -5.5337175e+00   0.0000000e+00   0.0000000e+00   0.0000000e+00   0.0000000e+00   0.0000000e+00   0.0000000e+00
   1.7182205e+01   1.0000000e+05   1.3277563e+01   9.1502978e-01   0.0000000e+00   0.0000000e+00   0.0000000e+00   0.0000000e+00   0.0000000e+00   0.0000000e+00
   2.1242027e+01   1.0000000e+05   1.3699838e+01   4.6272644e+00   0.0000000e+00   0.0000000e+00   0.0000000e+00   0.0000000e+00   0.0000000e+00   0.0000000e+00
   2.0827832e+01   1.0000000e+05   1.3123583e+01   5.2293736e+00   0.0000000e+00   0.0000000e+00   0.0000000e+00   0.0000000e+00   0.0000000e+00   0.0000000e+00
   1.7563006e+01   1.0000000e+05   1.2505138e+01   5.6278227e+00   0.0000000e+00   0.0000000e+00   0.0000000e+00   0.0000000e+00   0.0000000e+00   0.0000000e+00
   7.2658540e+00   1.0000000e+05   1.2262354e+01   5.9337490e+00   0.0000000e+00   0.0000000e+00   0.0000000e+00   0.0000000e+00   0.0000000e+00   0.0000000e+00
   1.1952747e+01   1.0000000e+05   1.2991737e+01   3.3614146e-03   0.0000000e+00   0.0000000e+00   0.0000000e+00   0.0000000e+00   0.0000000e+00   0.0000000e+00
   4.0301186e+01   1.0000000e+05   1.3959813e+01   5.9162020e-01   0.0000000e+00   0.0000000e+00   0.0000000e+00   0.0000000e+00   0.0000000e+00   0.0000000e+00
   1.5186067e+01   1.0000000e+05   1.2842960e+01   0.0000000e+00   0.0000000e+00   0.0000000e+00   0.0000000e+00   0.0000000e+00   0.0000000e+00   0.0000000e+00
   1.0147465e+01   1.0000000e+05   1.2587186e+01   0.0000000e+00   0.0000000e+00   0.0000000e+00   0.0000000e+00   0.0000000e+00   0.0000000e+00   0.0000000e+00
   4.6890507e+01   1.0000000e+05   1.2898527e+01   0.0000000e+00   0.0000000e+00   0.0000000e+00   0.0000000e+00   0.0000000e+00   0.0000000e+00   0.0000000e+00
   6.0924665e+00   1.0000000e+05   1.2754762e+01   0.0000000e+00   0.0000000e+00   0.0000000e+00   0.0000000e+00   0.0000000e+00   0.0000000e+00   0.0000000e+00
   1.2393329e+01   1.0000000e+05   1.2856170e+01   0.0000000e+00   0.0000000e+00   0.0000000e+00   0.0000000e+00   0.0000000e+00   0.0000000e+00   0.0000000e+00
   2.9912611e+01   1.0000000e+05   1.2853059e+01   0.0000000e+00   0.0000000e+00   0.0000000e+00   0.0000000e+00   0.0000000e+00   0.0000000e+00   0.0000000e+00
   1.6709076e+00   1.0000000e+05   1.3078273e+01   0.0000000e+00   0.0000000e+00   0.0000000e+00   0.0000000e+00   0.0000000e+00   0.0000000e+00   0.0000000e+00
   2.8918398e+01   1.0000000e+05   1.2711924e+01   0.0000000e+00   0.0000000e+00   0.0000000e+00   0.0000000e+00   0.0000000e+00   0.0000000e+00   0.0000000e+00
   2.6016974e+01   1.0000000e+05   1.3193549e+01   0.0000000e+00   0.0000000e+00   0.0000000e+00   0.0000000e+00   0.0000000e+00   0.0000000e+00   0.0000000e+00
   4.2157576e+01   1.0000000e+05   1.2824840e+01   0.0000000e+00   0.0000000e+00   0.0000000e+00   0.0000000e+00   0.0000000e+00   0.0000000e+00   0.0000000e+00
   2.2230859e+01   1.0000000e+05   1.3273314e+01   0.0000000e+00   0.0000000e+00   0.0000000e+00   0.0000000e+00   0.0000000e+00   0.0000000e+00   0.0000000e+00
   2.2411821e+01   1.0000000e+05   1.2789665e+01   0.0000000e+00   0.0000000e+00   0.0000000e+00   0.0000000e+00   0.0000000e+00   0.0000000e+00   0.0000000e+00
   2.0484319e+01   1.0000000e+05   1.3078147e+01   0.0000000e+00   0.0000000e+00   0.0000000e+00   0.0000000e+00   0.0000000e+00   0.0000000e+00   0.0000000e+00
   1.1368874e+01   1.0000000e+05   1.3649145e+01   0.0000000e+00   0.0000000e+00   0.0000000e+00   0.0000000e+00   0.0000000e+00   0.0000000e+00   0.0000000e+00
   2.5402224e+01   1.0000000e+05   1.3327176e+01   0.0000000e+00   0.0000000e+00   0.0000000e+00   0.0000000e+00   0.0000000e+00   0.0000000e+00   0.0000000e+00
   4.0586455e+01   1.0000000e+05   1.3089466e+01   0.0000000e+00   0.0000000e+00   0.0000000e+00   0.0000000e+00   0.0000000e+00   0.0000000e+00   0.0000000e+00
   1.5191715e+01   1.0000000e+05   1.2484296e+01   0.0000000e+00   0.0000000e+00   0.0000000e+00   0.0000000e+00   0.0000000e+00   0.0000000e+00   0.0000000e+00
   1.4994562e+01   1.0000000e+05   1.2630429e+01   0.0000000e+00   0.0000000e+00   0.0000000e+00   0.0000000e+00   0.0000000e+00   0.0000000e+00   0.0000000e+00
   1.3806403e+01   1.0000000e+05   1.2445374e+01   0.0000000e+00   0.0000000e+00   0.0000000e+00   0.0000000e+00   0.0000000e+00   0.0000000e+00   0.0000000e+00
   1.1548458e+01   1.0000000e+05   1.2591869e+01   0.0000000e+00   0.0000000e+00   0.0000000e+00   0.0000000e+00   0.0000000e+00   0.0000000e+00   0.0000000e+00
   1.6556088e+02   1.0000000e+05   1.3043232e+01   0.0000000e+00   0.0000000e+00   0.0000000e+00   0.0000000e+00   0.0000000e+00   0.0000000e+00   0.0000000e+00
   8.1184765e+00   1.0000000e+05   1.2257898e+01   0.0000000e+00   0.0000000e+00   0.0000000e+00   0.0000000e+00   0.0000000e+00   0.0000000e+00   0.0000000e+00
   5.7007080e+01   1.0000000e+05   1.2861667e+01   0.0000000e+00   0.0000000e+00   0.0000000e+00   0.0000000e+00   0.0000000e+00   0.0000000e+00   0.0000000e+00
   1.1843143e+01   1.0000000e+05   1.2494584e+01   0.0000000e+00   0.0000000e+00   0.0000000e+00   0.0000000e+00   0.0000000e+00   0.0000000e+00   0.0000000e+00
   8.4546782e+01   1.0000000e+05   1.2611449e+01   0.0000000e+00   0.0000000e+00   0.0000000e+00   0.0000000e+00   0.0000000e+00   0.0000000e+00   0.0000000e+00
   1.1570202e+01   1.0000000e+05   1.2212556e+01   0.0000000e+00   0.0000000e+00   0.0000000e+00   0.0000000e+00   0.0000000e+00   0.0000000e+00   0.0000000e+00
   3.4464723e+01   1.0000000e+05   1.2707104e+01   0.0000000e+00   0.0000000e+00   0.0000000e+00   0.0000000e+00   0.0000000e+00   0.0000000e+00   0.0000000e+00
   2.6669988e+01   1.0000000e+05   1.2299736e+01   0.0000000e+00   0.0000000e+00   0.0000000e+00   0.0000000e+00   0.0000000e+00   0.0000000e+00   0.0000000e+00
   1.2734070e+01   1.0000000e+05   1.2379874e+01   0.0000000e+00   0.0000000e+00   0.0000000e+00   0.0000000e+00   0.0000000e+00   0.0000000e+00   0.0000000e+00
   5.8052122e+01   1.0000000e+05   1.2988012e+01   0.0000000e+00   0.0000000e+00   0.0000000e+00   0.0000000e+00   0.0000000e+00   0.0000000e+00   0.0000000e+00
   6.3784415e+00   1.0000000e+05   1.2215080e+01   0.0000000e+00   0.0000000e+00   0.0000000e+00   0.0000000e+00   0.0000000e+00   0.0000000e+00   0.0000000e+00
   5.3318325e+00   1.0000000e+05   1.2403777e+01   0.0000000e+00   0.0000000e+00   0.0000000e+00   0.0000000e+00   0.0000000e+00   0.0000000e+00   0.0000000e+00
   3.7074035e+01   1.0000000e+05   1.2359366e+01   0.0000000e+00   0.0000000e+00   0.0000000e+00   0.0000000e+00   0.0000000e+00   0.0000000e+00   0.0000000e+00
   8.0677189e+00   1.0000000e+05   1.2443472e+01   0.0000000e+00   0.0000000e+00   0.0000000e+00   0.0000000e+00   0.0000000e+00   0.0000000e+00   0.0000000e+00
   1.5329475e+01   1.0000000e+05   1.2285967e+01   0.0000000e+00   0.0000000e+00   0.0000000e+00   0.0000000e+00   0.0000000e+00   0.0000000e+00   0.0000000e+00
   1.6709076e+00   0.0000000e+00   0.0000000e+00   0.0000000e+00   0.0000000e+00   0.0000000e+00   0.0000000e+00   0.0000000e+00   0.0000000e+00   0.0000000e+00
   1.0000000e+05   0.0000000e+00   0.0000000e+00   0.0000000e+00   0.0000000e+00   0.0000000e+00   0.0000000e+00   0.0000000e+00   0.0000000e+00   0.0000000e+00
   1.6556088e+02   0.0000000e+00   0.0000000e+00   0.0000000e+00   0.0000000e+00   0.0000000e+00   0.0000000e+00   0.0000000e+00   0.0000000e+00   0.0000000e+00
   2.7959684e+01   0.0000000e+00   0.0000000e+00   0.0000000e+00   0.0000000e+00   0.0000000e+00   0.0000000e+00   0.0000000e+00   0.0000000e+00   0.0000000e+00
   2.8795353e+01   0.0000000e+00   0.0000000e+00   0.0000000e+00   0.0000000e+00   0.0000000e+00   0.0000000e+00   0.0000000e+00   0.0000000e+00   0.0000000e+00
