   4.5553609e-01   1.0000000e+05   1.2051391e+01   4.1228949e+01   1.9997442e+01   1.9997898e+01   0.0000000e+00   0.0000000e+00   0.0000000e+00   0.0000000e+00
   5.6500894e+01   1.0000000e+05   1.4528287e+01   1.4781495e+01   2.0006470e+01   2.5001811e+01   0.0000000e+00   0.0000000e+00   0.0000000e+00   0.0000000e+00
   1.2677338e+01   1.0000000e+05   1.8285917e+01   5.8517595e+01   1.9989666e+01   2.9998992e+01   0.0000000e+00   0.0000000e+00   0.0000000e+00   0.0000000e+00
   2.2271075e+00   1.0000000e+05   1.3078432e+01   4.9932462e+01   1.9995889e+01   3.5001635e+01   0.0000000e+00   0.0000000e+00   0.0000000e+00   0.0000000e+00
   2.5157246e+01   1.0000000e+05   1.1578234e+01   1.3066346e+01   2.0019353e+01   4.0000822e+01   0.0000000e+00   0.0000000e+00   0.0000000e+00   0.0000000e+00
   1.3766734e+00   1.0000000e+05   1.1473776e+01   4.3586754e+01   1.9993506e+01   4.4994712e+01   0.0000000e+00   0.0000000e+00   0.0000000e+00   0.0000000e+00
   7.7272178e+00   1.0000000e+05   1.1819174e+01   5.0644220e+01   0.0000000e+00   0.0000000e+00   0.0000000e+00   0.0000000e+00   0.0000000e+00   0.0000000e+00
   9.0448963e-01   1.0000000e+05   1.2423902e+01   1.6219268e+01   0.0000000e+00   0.0000000e+00   0.0000000e+00   0.0000000e+00   0.0000000e+00   0.0000000e+00
   4.3750000e+02   1.0000000e+05   1.2001506e+01   5.3650176e-01   0.0000000e+00   0.0000000e+00   0.0000000e+00   0.0000000e+00   0.0000000e+00   0.0000000e+00
   1.6541300e-02   1.0000000e+05   1.2136958e+01   5.8014397e+00   0.0000000e+00   0.0000000e+00   0.0000000e+00   0.0000000e+00   0.0000000e+00   0.0000000e+00
   5.2757505e+01   1.0000000e+05   1.1596085e+01   5.9463835e+00   0.0000000e+00   0.0000000e+00   0.0000000e+00   0.0000000e+00   0.0000000e+00   0.0000000e+00
   4.6825665e+00   1.0000000e+05   1.1353775e+01   6.0809106e+00   0.0000000e+00   0.0000000e+00   0.0000000e+00   0.0000000e+00   0.0000000e+00   0.0000000e+00
   1.3733152e+01   1.0000000e+05   1.2219331e+01   6.2126978e+00   0.0000000e+00   0.0000000e+00   0.0000000e+00   0.0000000e+00   0.0000000e+00   0.0000000e+00
   3.5012464e+02   1.0000000e+05   1.2749434e+01   6.5015910e-02   0.0000000e+00   0.0000000e+00   0.0000000e+00   0.0000000e+00   0.0000000e+00   0.0000000e+00
   2.5157389e-01   1.0000000e+05   1.1688005e+01   2.1236225e-01   0.0000000e+00   0.0000000e+00   0.0000000e+00   0.0000000e+00   0.0000000e+00   0.0000000e+00
   9.8019032e+00   1.0000000e+05   1.1405015e+01   0.0000000e+00   0.0000000e+00   0.0000000e+00   0.0000000e+00   0.0000000e+00   0.0000000e+00   0.0000000e+00
   1.8477270e+00   1.0000000e+05   1.1479854e+01   0.0000000e+00   0.0000000e+00   0.0000000e+00   0.0000000e+00   0.0000000e+00   0.0000000e+00   0.0000000e+00
   7.1084680e-02   1.0000000e+05   1.1426494e+01   0.0000000e+00   0.0000000e+00   0.0000000e+00   0.0000000e+00   0.0000000e+00   0.0000000e+00   0.0000000e+00
   4.2056294e+01   1.0000000e+05   1.1603328e+01   0.0000000e+00   0.0000000e+00   0.0000000e+00   0.0000000e+00   0.0000000e+00   0.0000000e+00   0.0000000e+00
   5.1227482e+00   1.0000000e+05   1.1735112e+01   0.0000000e+00   0.0000000e+00   0.0000000e+00   0.0000000e+00   0.0000000e+00   0.0000000e+00   0.0000000e+00
   1.2525785e+01   1.0000000e+05   1.1644913e+01   0.0000000e+00   0.0000000e+00   0.0000000e+00   0.0000000e+00   0.0000000e+00   0.0000000e+00   0.0000000e+00
   4.3856862e+01   1.0000000e+05   1.2289251e+01   0.0000000e+00   0.0000000e+00   0.0000000e+00   0.0000000e+00   0.0000000e+00   0.0000000e+00   0.0000000e+00
   1.5117228e+01   1.0000000e+05   1.1658708e+01   0.0000000e+00   0.0000000e+00   0.0000000e+00   0.0000000e+00   0.0000000e+00   0.0000000e+00   0.0000000e+00
   1.4881136e+01   1.0000000e+05   1.2005956e+01   0.0000000e+00   0.0000000e+00   0.0000000e+00   0.0000000e+00   0.0000000e+00   0.0000000e+00   0.0000000e+00
   5.9996627e+01   1.0000000e+05   1.1614073e+01   0.0000000e+00   0.0000000e+00   0.0000000e+00   0.0000000e+00   0.0000000e+00   0.0000000e+00   0.0000000e+00
   9.2473077e-01   1.0000000e+05   1.1830615e+01   0.0000000e+00   0.0000000e+00   0.0000000e+00   0.0000000e+00   0.0000000e+00   0.0000000e+00   0.0000000e+00
   2.9533618e+00   1.0000000e+05   1.1398833e+01   0.0000000e+00   0.0000000e+00   0.0000000e+00   0.0000000e+00   0.0000000e+00   0.0000000e+00   0.0000000e+00
   2.4422204e+00   1.0000000e+05   1.1594357e+01   0.0000000e+00   0.0000000e+00   0.0000000e+00   0.0000000e+00   0.0000000e+00   0.0000000e+00   0.0000000e+00
   6.2879931e-04   1.0000000e+05   1.1392270e+01   0.0000000e+00   0.0000000e+00   0.0000000e+00   0.0000000e+00   0.0000000e+00   0.0000000e+00   0.0000000e+00
   6.8491028e+00   1.0000000e+05   1.1260594e+01   0.0000000e+00   0.0000000e+00   0.0000000e+00   0.0000000e+00   0.0000000e+00   0.0000000e+00   0.0000000e+00
   1.4201418e+01   1.0000000e+05   1.1323211e+01   0.0000000e+00   0.0000000e+00   0.0000000e+00   0.0000000e+00   0.0000000e+00   0.0000000e+00   0.0000000e+00
   3.2335365e+00   1.0000000e+05   1.1308269e+01   0.0000000e+00   0.0000000e+00   0.0000000e+00   0.0000000e+00   0.0000000e+00   0.0000000e+00   0.0000000e+00
   4.3361034e+00   1.0000000e+05   1.1149432e+01   0.0000000e+00   0.0000000e+00   0.0000000e+00   0.0000000e+00   0.0000000e+00   0.0000000e+00   0.0000000e+00
   1.0823662e+01   1.0000000e+05   1.1296217e+01   0.0000000e+00   0.0000000e+00   0.0000000e+00   0.0000000e+00   0.0000000e+00   0.0000000e+00   0.0000000e+00
   4.6851197e+00   1.0000000e+05   1.1249057e+01   0.0000000e+00   0.0000000e+00   0.0000000e+00   0.0000000e+00   0.0000000e+00   0.0000000e+00   0.0000000e+00
   4.9026214e+00   1.0000000e+05   1.1130818e+01   0.0000000e+00   0.0000000e+00   0.0000000e+00   0.0000000e+00   0.0000000e+00   0.0000000e+00   0.0000000e+00
   1.9534191e+00   1.0000000e+05   1.1219123e+01   0.0000000e+00   0.0000000e+00   0.0000000e+00   0.0000000e+00   0.0000000e+00   0.0000000e+00   0.0000000e+00
   6.3972954e-03   1.0000000e+05   1.1184413e+01   0.0000000e+00   0.0000000e+00   0.0000000e+00   0.0000000e+00   0.0000000e+00   0.0000000e+00   0.0000000e+00
   6.8082936e-03   1.0000000e+05   1.1182625e+01   0.0000000e+00   0.0000000e+00   0.0000000e+00   0.0000000e+00   0.0000000e+00   0.0000000e+00   0.0000000e+00
   1.0175970e+02   1.0000000e+05   1.1463118e+01   0.0000000e+00   0.0000000e+00   0.0000000e+00   0.0000000e+00   0.0000000e+00   0.0000000e+00   0.0000000e+00
   5.5763261e-02   1.0000000e+05   1.1146566e+01   0.0000000e+00   0.0000000e+00   0.0000000e+00   0.0000000e+00   0.0000000e+00   0.0000000e+00   0.0000000e+00
   1.3441821e+01   1.0000000e+05   1.1257766e+01   0.0000000e+00   0.0000000e+00   0.0000000e+00   0.0000000e+00   0.0000000e+00   0.0000000e+00   0.0000000e+00
   1.2542393e+01   1.0000000e+05   1.1099222e+01   0.0000000e+00   0.0000000e+00   0.0000000e+00   0.0000000e+00   0.0000000e+00   0.0000000e+00   0.0000000e+00
   1.2801128e+01   1.0000000e+05   1.1193734e+01   0.0000000e+00   0.0000000e+00   0.0000000e+00   0.0000000e+00   0.0000000e+00   0.0000000e+00   0.0000000e+00
   4.3750000e+02   1.0000000e+05   1.1295175e+01   0.0000000e+00   0.0000000e+00   0.0000000e+00   0.0000000e+00   0.0000000e+00   0.0000000e+00   0.0000000e+00
   4.0309160e+00   1.0000000e+05   1.1176516e+01   0.0000000e+00   0.0000000e+00   0.0000000e+00   0.0000000e+00   0.0000000e+00   0.0000000e+00   0.0000000e+00
   1.3047877e+01   1.0000000e+05   1.1170120e+01   0.0000000e+00   0.0000000e+00   0.0000000e+00   0.0000000e+00   0.0000000e+00   0.0000000e+00   0.0000000e+00
   1.2508956e+01   1.0000000e+05   1.1153523e+01   0.0000000e+00   0.0000000e+00   0.0000000e+00   0.0000000e+00   0.0000000e+00   0.0000000e+00   0.0000000e+00
   2.5176712e+01   1.0000000e+05   1.1297905e+01   0.0000000e+00   0.0000000e+00   0.0000000e+00   0.0000000e+00   0.0000000e+00   0.0000000e+00   0.0000000e+00
   1.9073757e-03   1.0000000e+05   1.1422666e+01   0.0000000e+00   0.0000000e+00   0.0000000e+00   0.0000000e+00   0.0000000e+00   0.0000000e+00   0.0000000e+00
   6.2879931e-04   0.0000000e+00   0.0000000e+00   0.0000000e+00   0.0000000e+00   0.0000000e+00   0.0000000e+00   0.0000000e+00   0.0000000e+00   0.0000000e+00
   1.0000000e+05   0.0000000e+00   0.0000000e+00   0.0000000e+00   0.0000000e+00   0.0000000e+00   0.0000000e+00   0.0000000e+00   0.0000000e+00   0.0000000e+00
   4.3750000e+02   0.0000000e+00   0.0000000e+00   0.0000000e+00   0.0000000e+00   0.0000000e+00   0.0000000e+00   0.0000000e+00   0.0000000e+00   0.0000000e+00
   3.7231124e+01   0.0000000e+00   0.0000000e+00   0.0000000e+00   0.0000000e+00   0.0000000e+00   0.0000000e+00   0.0000000e+00   0.0000000e+00   0.0000000e+00
   9.7253915e+01   0.0000000e+00   0.0000000e+00   0.0000000e+00   0.0000000e+00   0.0000000e+00   0.0000000e+00   0.0000000e+00   0.0000000e+00   0.0000000e+00
