   7.2796543e-04   1.0000000e+05   1.3207926e+01   5.9762369e+01   2.0000000e+01   2.0000000e+01   0.0000000e+00   0.0000000e+00   0.0000000e+00   0.0000000e+00
   8.1495029e-04   1.0000000e+05   1.3276341e+01   8.4411323e+00   2.0000000e+01   2.5000000e+01   0.0000000e+00   0.0000000e+00   0.0000000e+00   0.0000000e+00
   6.2910346e-04   1.0000000e+05   1.3442519e+01   7.7665214e+00   2.0000000e+01   3.0000000e+01   0.0000000e+00   0.0000000e+00   0.0000000e+00   0.0000000e+00
   2.8195945e-02   1.0000000e+05   1.4339364e+01   5.9920499e+01   2.0000000e+01   3.5000000e+01   0.0000000e+00   0.0000000e+00   0.0000000e+00   0.0000000e+00
   2.2193278e-04   1.0000000e+05   1.3204201e+01  -3.3722130e+00   2.0000000e+01   4.0000000e+01   0.0000000e+00   0.0000000e+00   0.0000000e+00   0.0000000e+00
   3.0194641e-03   1.0000000e+05   1.3287067e+01  -8.0856013e+00   2.0000000e+01   4.5000000e+01   0.0000000e+00   0.0000000e+00   0.0000000e+00   0.0000000e+00
   5.5971221e-04   1.0000000e+05   1.3365946e+01   2.0324320e+01   0.0000000e+00   0.0000000e+00   0.0000000e+00   0.0000000e+00   0.0000000e+00   0.0000000e+00
   2.2897367e-14   1.0000000e+05   1.3269735e+01   3.1625405e+01   0.0000000e+00   0.0000000e+00   0.0000000e+00   0.0000000e+00   0.0000000e+00   0.0000000e+00
   8.4056559e-03   1.0000000e+05   1.4227463e+01   4.2516790e+00   0.0000000e+00   0.0000000e+00   0.0000000e+00   0.0000000e+00   0.0000000e+00   0.0000000e+00
   1.2510598e+01   1.0000000e+05   1.3362040e+01   5.8672151e+00   0.0000000e+00   0.0000000e+00   0.0000000e+00   0.0000000e+00   0.0000000e+00   0.0000000e+00
   2.8851781e-04   1.0000000e+05   1.3947593e+01   1.6315918e+00   0.0000000e+00   0.0000000e+00   0.0000000e+00   0.0000000e+00   0.0000000e+00   0.0000000e+00
   4.4500479e-03   1.0000000e+05   1.4268488e+01   1.9329608e+00   0.0000000e+00   0.0000000e+00   0.0000000e+00   0.0000000e+00   0.0000000e+00   0.0000000e+00
   1.2500065e+01   1.0000000e+05   1.3269569e+01   2.2322931e+00   0.0000000e+00   0.0000000e+00   0.0000000e+00   0.0000000e+00   0.0000000e+00   0.0000000e+00
   8.9956726e-01   1.0000000e+05   1.3437952e+01   2.5454920e+00   0.0000000e+00   0.0000000e+00   0.0000000e+00   0.0000000e+00   0.0000000e+00   0.0000000e+00
   3.5393361e-03   1.0000000e+05   1.3288806e+01   2.9316606e+00   0.0000000e+00   0.0000000e+00   0.0000000e+00   0.0000000e+00   0.0000000e+00   0.0000000e+00
   4.3750000e+02   1.0000000e+05   1.3328908e+01   0.0000000e+00   0.0000000e+00   0.0000000e+00   0.0000000e+00   0.0000000e+00   0.0000000e+00   0.0000000e+00
   2.6470987e-04   1.0000000e+05   1.3284108e+01   0.0000000e+00   0.0000000e+00   0.0000000e+00   0.0000000e+00   0.0000000e+00   0.0000000e+00   0.0000000e+00
   4.6667152e-05   1.0000000e+05   1.3189091e+01   0.0000000e+00   0.0000000e+00   0.0000000e+00   0.0000000e+00   0.0000000e+00   0.0000000e+00   0.0000000e+00
   1.2295661e-01   1.0000000e+05   1.3455026e+01   0.0000000e+00   0.0000000e+00   0.0000000e+00   0.0000000e+00   0.0000000e+00   0.0000000e+00   0.0000000e+00
   5.3358649e-05   1.0000000e+05   1.3233552e+01   0.0000000e+00   0.0000000e+00   0.0000000e+00   0.0000000e+00   0.0000000e+00   0.0000000e+00   0.0000000e+00
   3.4231775e-07   1.0000000e+05   1.3403133e+01   0.0000000e+00   0.0000000e+00   0.0000000e+00   0.0000000e+00   0.0000000e+00   0.0000000e+00   0.0000000e+00
   5.8031639e-04   1.0000000e+05   1.4189693e+01   0.0000000e+00   0.0000000e+00   0.0000000e+00   0.0000000e+00   0.0000000e+00   0.0000000e+00   0.0000000e+00
   4.6380302e-04   1.0000000e+05   1.3359716e+01   0.0000000e+00   0.0000000e+00   0.0000000e+00   0.0000000e+00   0.0000000e+00   0.0000000e+00   0.0000000e+00
   2.5243549e-29   1.0000000e+05   1.3900197e+01   0.0000000e+00   0.0000000e+00   0.0000000e+00   0.0000000e+00   0.0000000e+00   0.0000000e+00   0.0000000e+00
   1.4976894e-03   1.0000000e+05   1.3311689e+01   0.0000000e+00   0.0000000e+00   0.0000000e+00   0.0000000e+00   0.0000000e+00   0.0000000e+00   0.0000000e+00
   3.7589620e-04   1.0000000e+05   1.3418049e+01   0.0000000e+00   0.0000000e+00   0.0000000e+00   0.0000000e+00   0.0000000e+00   0.0000000e+00   0.0000000e+00
   1.9452270e-04   1.0000000e+05   1.3344620e+01   0.0000000e+00   0.0000000e+00   0.0000000e+00   0.0000000e+00   0.0000000e+00   0.0000000e+00   0.0000000e+00
   5.0341564e+01   1.0000000e+05   1.3462262e+01   0.0000000e+00   0.0000000e+00   0.0000000e+00   0.0000000e+00   0.0000000e+00   0.0000000e+00   0.0000000e+00
   6.2333171e-05   1.0000000e+05   1.3507979e+01   0.0000000e+00   0.0000000e+00   0.0000000e+00   0.0000000e+00   0.0000000e+00   0.0000000e+00   0.0000000e+00
   3.7255991e-04   1.0000000e+05   1.3269005e+01   0.0000000e+00   0.0000000e+00   0.0000000e+00   0.0000000e+00   0.0000000e+00   0.0000000e+00   0.0000000e+00
   1.5715550e-02   1.0000000e+05   1.3239112e+01   0.0000000e+00   0.0000000e+00   0.0000000e+00   0.0000000e+00   0.0000000e+00   0.0000000e+00   0.0000000e+00
   7.3967401e-03   1.0000000e+05   1.3320103e+01   0.0000000e+00   0.0000000e+00   0.0000000e+00   0.0000000e+00   0.0000000e+00   0.0000000e+00   0.0000000e+00
   9.5201670e-04   1.0000000e+05   1.3429549e+01   0.0000000e+00   0.0000000e+00   0.0000000e+00   0.0000000e+00   0.0000000e+00   0.0000000e+00   0.0000000e+00
   3.8140250e-06   1.0000000e+05   1.3311499e+01   0.0000000e+00   0.0000000e+00   0.0000000e+00   0.0000000e+00   0.0000000e+00   0.0000000e+00   0.0000000e+00
   5.4951112e-04   1.0000000e+05   1.3304294e+01   0.0000000e+00   0.0000000e+00   0.0000000e+00   0.0000000e+00   0.0000000e+00   0.0000000e+00   0.0000000e+00
   4.3750000e+02   1.0000000e+05   1.3345811e+01   0.0000000e+00   0.0000000e+00   0.0000000e+00   0.0000000e+00   0.0000000e+00   0.0000000e+00   0.0000000e+00
   1.5011277e-03   1.0000000e+05   1.3271076e+01   0.0000000e+00   0.0000000e+00   0.0000000e+00   0.0000000e+00   0.0000000e+00   0.0000000e+00   0.0000000e+00
   2.2157450e-03   1.0000000e+05   1.3398722e+01   0.0000000e+00   0.0000000e+00   0.0000000e+00   0.0000000e+00   0.0000000e+00   0.0000000e+00   0.0000000e+00
   4.1370115e-04   1.0000000e+05   1.3436454e+01   0.0000000e+00   0.0000000e+00   0.0000000e+00   0.0000000e+00   0.0000000e+00   0.0000000e+00   0.0000000e+00
   3.6796206e-04   1.0000000e+05   1.3251398e+01   0.0000000e+00   0.0000000e+00   0.0000000e+00   0.0000000e+00   0.0000000e+00   0.0000000e+00   0.0000000e+00
   7.4128193e-01   1.0000000e+05   1.3292586e+01   0.0000000e+00   0.0000000e+00   0.0000000e+00   0.0000000e+00   0.0000000e+00   0.0000000e+00   0.0000000e+00
   1.6079111e-02   1.0000000e+05   1.3282591e+01   0.0000000e+00   0.0000000e+00   0.0000000e+00   0.0000000e+00   0.0000000e+00   0.0000000e+00   0.0000000e+00
   8.0935104e-04   1.0000000e+05   1.3260800e+01   0.0000000e+00   0.0000000e+00   0.0000000e+00   0.0000000e+00   0.0000000e+00   0.0000000e+00   0.0000000e+00
   1.2378429e-03   1.0000000e+05   1.3292094e+01   0.0000000e+00   0.0000000e+00   0.0000000e+00   0.0000000e+00   0.0000000e+00   0.0000000e+00   0.0000000e+00
   1.8383901e-05   1.0000000e+05   1.4378852e+01   0.0000000e+00   0.0000000e+00   0.0000000e+00   0.0000000e+00   0.0000000e+00   0.0000000e+00   0.0000000e+00
   1.0048028e-03   1.0000000e+05   1.3254211e+01   0.0000000e+00   0.0000000e+00   0.0000000e+00   0.0000000e+00   0.0000000e+00   0.0000000e+00   0.0000000e+00
   1.2500091e+01   1.0000000e+05   1.3300554e+01   0.0000000e+00   0.0000000e+00   0.0000000e+00   0.0000000e+00   0.0000000e+00   0.0000000e+00   0.0000000e+00
   1.1988176e-03   1.0000000e+05   1.3256949e+01   0.0000000e+00   0.0000000e+00   0.0000000e+00   0.0000000e+00   0.0000000e+00   0.0000000e+00   0.0000000e+00
   9.3814366e-04   1.0000000e+05   1.3274303e+01   0.0000000e+00   0.0000000e+00   0.0000000e+00   0.0000000e+00   0.0000000e+00   0.0000000e+00   0.0000000e+00
   5.5152376e-04   1.0000000e+05   1.3277294e+01   0.0000000e+00   0.0000000e+00   0.0000000e+00   0.0000000e+00   0.0000000e+00   0.0000000e+00   0.0000000e+00
   2.5243549e-29   2.4000000e+01   0.0000000e+00   0.0000000e+00   0.0000000e+00   0.0000000e+00   0.0000000e+00   0.0000000e+00   0.0000000e+00   0.0000000e+00
   1.0000000e+05   0.0000000e+00   0.0000000e+00   0.0000000e+00   0.0000000e+00   0.0000000e+00   0.0000000e+00   0.0000000e+00   0.0000000e+00   0.0000000e+00
   4.3750000e+02   0.0000000e+00   0.0000000e+00   0.0000000e+00   0.0000000e+00   0.0000000e+00   0.0000000e+00   0.0000000e+00   0.0000000e+00   0.0000000e+00
   1.9294437e+01   0.0000000e+00   0.0000000e+00   0.0000000e+00   0.0000000e+00   0.0000000e+00   0.0000000e+00   0.0000000e+00   0.0000000e+00   0.0000000e+00
   8.6567586e+01   0.0000000e+00   0.0000000e+00   0.0000000e+00   0.0000000e+00   0.0000000e+00   0.0000000e+00   0.0000000e+00   0.0000000e+00   0.0000000e+00
