   1.0000000e+02   2.0157841e+06
   2.0000000e+02   2.0157841e+06
   3.0000000e+02   2.0157841e+06
   4.0000000e+02   1.0129702e+06
   5.0000000e+02   1.0129702e+06
   6.0000000e+02   1.0129702e+06
   7.0000000e+02   1.0128171e+06
   8.0000000e+02   1.0128171e+06
   9.0000000e+02   1.0128171e+06
   1.0000000e+03   1.0128171e+06
   1.1000000e+03   1.0128171e+06
   1.2000000e+03   1.0128171e+06
   1.3000000e+03   1.0108959e+06
   1.4000000e+03   1.0108959e+06
   1.5000000e+03   1.0108959e+06
   1.6000000e+03   1.0108959e+06
   1.7000000e+03   1.0108959e+06
   1.8000000e+03   1.0108959e+06
   1.9000000e+03   1.0108959e+06
   2.0000000e+03   1.0108959e+06
   2.1000000e+03   1.0108959e+06
   2.2000000e+03   1.0108959e+06
   2.3000000e+03   1.0108959e+06
   2.4000000e+03   1.0070378e+06
   2.5000000e+03   1.0070378e+06
   2.6000000e+03   1.0070378e+06
   2.7000000e+03   1.0064771e+06
   2.8000000e+03   1.0064771e+06
   2.9000000e+03   1.0064771e+06
   3.0000000e+03   1.0064771e+06
   3.1000000e+03   1.0064771e+06
   3.2000000e+03   1.0064771e+06
   3.3000000e+03   1.0064771e+06
   3.4000000e+03   1.0064771e+06
   3.5000000e+03   1.0064771e+06
   3.6000000e+03   1.0064771e+06
   3.7000000e+03   1.0064771e+06
   3.8000000e+03   1.0064771e+06
   3.9000000e+03   1.0064771e+06
   4.0000000e+03   1.0064771e+06
   4.1000000e+03   1.0064771e+06
   4.2000000e+03   1.0064771e+06
   4.3000000e+03   1.0064771e+06
   4.4000000e+03   1.0064771e+06
   4.5000000e+03   1.0064771e+06
   4.6000000e+03   1.0064771e+06
   4.7000000e+03   1.0064771e+06
   4.8000000e+03   1.0064771e+06
   4.9000000e+03   1.0064771e+06
   5.0000000e+03   1.0064771e+06
   5.1000000e+03   1.0064771e+06
   5.2000000e+03   1.0029738e+06
   5.3000000e+03   1.0029738e+06
   5.4000000e+03   1.0029738e+06
   5.5000000e+03   1.0029738e+06
   5.6000000e+03   1.0029738e+06
   5.7000000e+03   1.0029738e+06
   5.8000000e+03   1.0029738e+06
   5.9000000e+03   1.0021813e+06
   6.0000000e+03   1.0021813e+06
   6.1000000e+03   1.0021813e+06
   6.2000000e+03   1.0021813e+06
   6.3000000e+03   1.0021813e+06
   6.4000000e+03   1.0015832e+06
   6.5000000e+03   1.0015832e+06
   6.6000000e+03   1.0012046e+06
   6.7000000e+03   1.0012046e+06
   6.8000000e+03   1.0012046e+06
   6.9000000e+03   1.0012046e+06
   7.0000000e+03   1.0012046e+06
   7.1000000e+03   1.0012046e+06
   7.2000000e+03   1.0012046e+06
   7.3000000e+03   1.0012046e+06
   7.4000000e+03   1.0012046e+06
   7.5000000e+03   1.0012046e+06
   7.6000000e+03   1.0012046e+06
   7.7000000e+03   1.0008557e+06
   7.8000000e+03   1.0008557e+06
   7.9000000e+03   1.0008557e+06
   8.0000000e+03   1.0008557e+06
   8.1000000e+03   1.0008557e+06
   8.2000000e+03   1.0008557e+06
   8.3000000e+03   1.0008557e+06
   8.4000000e+03   1.0008557e+06
   8.5000000e+03   1.0008557e+06
   8.6000000e+03   1.0008557e+06
   8.7000000e+03   1.0008557e+06
   8.8000000e+03   1.0007076e+06
   8.9000000e+03   1.0007076e+06
   9.0000000e+03   1.0007076e+06
   9.1000000e+03   1.0007076e+06
   9.2000000e+03   1.0007076e+06
   9.3000000e+03   1.0007076e+06
   9.4000000e+03   1.0007076e+06
   9.5000000e+03   1.0007076e+06
   9.6000000e+03   1.0007076e+06
   9.7000000e+03   1.0007076e+06
   9.8000000e+03   1.0007076e+06
   9.9000000e+03   1.0006749e+06
   1.0000000e+04   1.0006749e+06
   1.0100000e+04   1.0006749e+06
   1.0200000e+04   1.0006749e+06
   1.0300000e+04   1.0006749e+06
   1.0400000e+04   1.0006749e+06
   1.0500000e+04   1.0006749e+06
   1.0600000e+04   1.0006749e+06
   1.0700000e+04   1.0006749e+06
   1.0800000e+04   1.0006749e+06
   1.0900000e+04   1.0006749e+06
   1.1000000e+04   1.0006749e+06
   1.1100000e+04   1.0006749e+06
   1.1200000e+04   1.0006749e+06
   1.1300000e+04   1.0006749e+06
   1.1400000e+04   1.0006749e+06
   1.1500000e+04   1.0006749e+06
   1.1600000e+04   1.0006749e+06
   1.1700000e+04   1.0006749e+06
   1.1800000e+04   1.0006749e+06
   1.1900000e+04   1.0006749e+06
   1.2000000e+04   1.0006749e+06
   1.2100000e+04   1.0006749e+06
   1.2200000e+04   1.0006749e+06
   1.2300000e+04   1.0006749e+06
   1.2400000e+04   1.0006749e+06
   1.2500000e+04   1.0006749e+06
   1.2600000e+04   1.0006749e+06
   1.2700000e+04   1.0006704e+06
   1.2800000e+04   1.0006409e+06
   1.2900000e+04   1.0006409e+06
   1.3000000e+04   1.0006409e+06
   1.3100000e+04   1.0006409e+06
   1.3200000e+04   1.0006312e+06
   1.3300000e+04   1.0006312e+06
   1.3400000e+04   1.0006312e+06
   1.3500000e+04   1.0006254e+06
   1.3600000e+04   1.0006254e+06
   1.3700000e+04   1.0006254e+06
   1.3800000e+04   1.0006254e+06
   1.3900000e+04   1.0006254e+06
   1.4000000e+04   1.0006254e+06
   1.4100000e+04   1.0006254e+06
   1.4200000e+04   1.0006242e+06
   1.4300000e+04   1.0006242e+06
   1.4400000e+04   1.0006242e+06
   1.4500000e+04   1.0006242e+06
   1.4600000e+04   1.0006042e+06
   1.4700000e+04   1.0006042e+06
   1.4800000e+04   1.0006042e+06
   1.4900000e+04   1.0006042e+06
   1.5000000e+04   1.0006042e+06
   1.5100000e+04   1.0006042e+06
   1.5200000e+04   1.0006042e+06
   1.5300000e+04   1.0006042e+06
   1.5400000e+04   1.0006042e+06
   1.5500000e+04   1.0005869e+06
   1.5600000e+04   1.0005865e+06
   1.5700000e+04   1.0005865e+06
   1.5800000e+04   1.0005865e+06
   1.5900000e+04   1.0005755e+06
   1.6000000e+04   1.0005755e+06
   1.6100000e+04   1.0005755e+06
   1.6200000e+04   1.0005465e+06
   1.6300000e+04   1.0005042e+06
   1.6400000e+04   1.0005042e+06
   1.6500000e+04   1.0005042e+06
   1.6600000e+04   1.0005042e+06
   1.6700000e+04   1.0005042e+06
   1.6800000e+04   1.0005042e+06
   1.6900000e+04   1.0005042e+06
   1.7000000e+04   1.0004687e+06
   1.7100000e+04   1.0004687e+06
   1.7200000e+04   1.0004687e+06
   1.7300000e+04   1.0004687e+06
   1.7400000e+04   1.0004687e+06
   1.7500000e+04   1.0004687e+06
   1.7600000e+04   1.0004687e+06
   1.7700000e+04   1.0004687e+06
   1.7800000e+04   1.0004687e+06
   1.7900000e+04   1.0004687e+06
   1.8000000e+04   1.0004687e+06
   1.8100000e+04   1.0004640e+06
   1.8200000e+04   1.0004640e+06
   1.8300000e+04   1.0004640e+06
   1.8400000e+04   1.0004640e+06
   1.8500000e+04   1.0004640e+06
   1.8600000e+04   1.0004296e+06
   1.8700000e+04   1.0004296e+06
   1.8800000e+04   1.0004296e+06
   1.8900000e+04   1.0004204e+06
   1.9000000e+04   1.0004204e+06
   1.9100000e+04   1.0004204e+06
   1.9200000e+04   1.0004204e+06
   1.9300000e+04   1.0004204e+06
   1.9400000e+04   1.0004204e+06
   1.9500000e+04   1.0004204e+06
   1.9600000e+04   1.0004038e+06
   1.9700000e+04   1.0004038e+06
   1.9800000e+04   1.0003920e+06
   1.9900000e+04   1.0003920e+06
   2.0000000e+04   1.0003920e+06
   2.0100000e+04   1.0003920e+06
   2.0200000e+04   1.0003908e+06
   2.0300000e+04   1.0003606e+06
   2.0400000e+04   1.0003606e+06
   2.0500000e+04   1.0003606e+06
   2.0600000e+04   1.0003606e+06
   2.0700000e+04   1.0003606e+06
   2.0800000e+04   1.0003606e+06
   2.0900000e+04   1.0003606e+06
   2.1000000e+04   1.0003392e+06
   2.1100000e+04   1.0003392e+06
   2.1200000e+04   1.0003392e+06
   2.1300000e+04   1.0003392e+06
   2.1400000e+04   1.0003392e+06
   2.1500000e+04   1.0003392e+06
   2.1600000e+04   1.0002947e+06
   2.1700000e+04   1.0002947e+06
   2.1800000e+04   1.0002947e+06
   2.1900000e+04   1.0002947e+06
   2.2000000e+04   1.0002947e+06
   2.2100000e+04   1.0002947e+06
   2.2200000e+04   1.0002947e+06
   2.2300000e+04   1.0002947e+06
   2.2400000e+04   1.0002947e+06
   2.2500000e+04   1.0002947e+06
   2.2600000e+04   1.0002947e+06
   2.2700000e+04   1.0002947e+06
   2.2800000e+04   1.0002734e+06
   2.2900000e+04   1.0002734e+06
   2.3000000e+04   1.0002734e+06
   2.3100000e+04   1.0002623e+06
   2.3200000e+04   1.0002623e+06
   2.3300000e+04   1.0002623e+06
   2.3400000e+04   1.0002504e+06
   2.3500000e+04   1.3296842e+03
   2.3600000e+04   9.4170813e+02
   2.3700000e+04   3.2439698e+02
   2.3800000e+04   3.2439698e+02
   2.3900000e+04   3.2439698e+02
   2.4000000e+04   3.2439698e+02
   2.4100000e+04   2.6611525e+02
   2.4200000e+04   2.6611525e+02
   2.4300000e+04   2.6611525e+02
   2.4400000e+04   2.6611525e+02
   2.4500000e+04   2.6611525e+02
   2.4600000e+04   2.6184829e+02
   2.4700000e+04   2.5904890e+02
   2.4800000e+04   2.4164204e+02
   2.4900000e+04   2.4164204e+02
   2.5000000e+04   2.4164204e+02
   2.5100000e+04   2.4164204e+02
   2.5200000e+04   2.4164204e+02
   2.5300000e+04   1.6645033e+02
   2.5400000e+04   1.6645033e+02
   2.5500000e+04   1.6645033e+02
   2.5600000e+04   1.6645033e+02
   2.5700000e+04   1.5069515e+02
   2.5800000e+04   1.5069515e+02
   2.5900000e+04   1.5069515e+02
   2.6000000e+04   1.5069515e+02
   2.6100000e+04   1.4906104e+02
   2.6200000e+04   1.4906104e+02
   2.6300000e+04   1.4906104e+02
   2.6400000e+04   1.4906104e+02
   2.6500000e+04   1.3796766e+02
   2.6600000e+04   1.3585133e+02
   2.6700000e+04   1.3585133e+02
   2.6800000e+04   1.3585133e+02
   2.6900000e+04   1.1809874e+02
   2.7000000e+04   1.1710545e+02
   2.7100000e+04   1.1335888e+02
   2.7200000e+04   1.1335888e+02
   2.7300000e+04   1.1335888e+02
   2.7400000e+04   1.1335888e+02
   2.7500000e+04   1.1335888e+02
   2.7600000e+04   1.1335888e+02
   2.7700000e+04   1.1335888e+02
   2.7800000e+04   1.0632113e+02
   2.7900000e+04   1.0632113e+02
   2.8000000e+04   8.9581962e+01
   2.8100000e+04   8.9581962e+01
   2.8200000e+04   8.3849070e+01
   2.8300000e+04   8.1701937e+01
   2.8400000e+04   7.8851164e+01
   2.8500000e+04   7.3048996e+01
   2.8600000e+04   7.0707731e+01
   2.8700000e+04   5.4924384e+01
   2.8800000e+04   5.4924384e+01
   2.8900000e+04   5.4924384e+01
   2.9000000e+04   5.4924384e+01
   2.9100000e+04   5.4924384e+01
   2.9200000e+04   5.4924384e+01
   2.9300000e+04   5.4356502e+01
   2.9400000e+04   5.4356502e+01
   2.9500000e+04   5.4356502e+01
   2.9600000e+04   5.4356502e+01
   2.9700000e+04   5.4356502e+01
   2.9800000e+04   5.2515524e+01
   2.9900000e+04   4.6377962e+01
   3.0000000e+04   4.6377962e+01
   3.0100000e+04   4.2672167e+01
   3.0200000e+04   4.2672167e+01
   3.0300000e+04   4.2672167e+01
   3.0400000e+04   4.2175418e+01
   3.0500000e+04   4.2175418e+01
   3.0600000e+04   4.2063311e+01
   3.0700000e+04   3.9953188e+01
   3.0800000e+04   3.9763118e+01
   3.0900000e+04   3.9763118e+01
   3.1000000e+04   2.8954408e+01
   3.1100000e+04   2.8954408e+01
   3.1200000e+04   2.8954408e+01
   3.1300000e+04   2.8954408e+01
   3.1400000e+04   2.8375209e+01
   3.1500000e+04   2.8375209e+01
   3.1600000e+04   2.7363721e+01
   3.1700000e+04   2.7363721e+01
   3.1800000e+04   2.7363721e+01
   3.1900000e+04   2.0571033e+01
   3.2000000e+04   2.0571033e+01
   3.2100000e+04   1.7893340e+01
   3.2200000e+04   1.7893340e+01
   3.2300000e+04   1.7893340e+01
   3.2400000e+04   1.7893340e+01
   3.2500000e+04   1.2329105e+01
   3.2600000e+04   1.2329105e+01
   3.2700000e+04   1.2329105e+01
   3.2800000e+04   1.2329105e+01
   3.2900000e+04   1.2329105e+01
   3.3000000e+04   1.2329105e+01
   3.3100000e+04   1.2329105e+01
   3.3200000e+04   1.2329105e+01
   3.3300000e+04   1.1968900e+01
   3.3400000e+04   1.1968900e+01
   3.3500000e+04   1.1968900e+01
   3.3600000e+04   1.1355712e+01
   3.3700000e+04   1.0086923e+01
   3.3800000e+04   1.0086923e+01
   3.3900000e+04   1.0086923e+01
   3.4000000e+04   1.0086923e+01
   3.4100000e+04   1.0086923e+01
   3.4200000e+04   1.0086923e+01
   3.4300000e+04   1.0086923e+01
   3.4400000e+04   8.6574921e+00
   3.4500000e+04   8.6574921e+00
   3.4600000e+04   8.0535102e+00
   3.4700000e+04   8.0535102e+00
   3.4800000e+04   8.0535102e+00
   3.4900000e+04   7.6684865e+00
   3.5000000e+04   7.6684865e+00
   3.5100000e+04   5.5057857e+00
   3.5200000e+04   5.5057857e+00
   3.5300000e+04   5.5057857e+00
   3.5400000e+04   5.5057857e+00
   3.5500000e+04   5.5057857e+00
   3.5600000e+04   5.5057857e+00
   3.5700000e+04   4.7014470e+00
   3.5800000e+04   4.7014470e+00
   3.5900000e+04   4.7014470e+00
   3.6000000e+04   4.7014470e+00
   3.6100000e+04   4.7014470e+00
   3.6200000e+04   4.7014470e+00
   3.6300000e+04   4.7014470e+00
   3.6400000e+04   4.7014470e+00
   3.6500000e+04   4.7014470e+00
   3.6600000e+04   4.7014470e+00
   3.6700000e+04   4.7014470e+00
   3.6800000e+04   4.6959893e+00
   3.6900000e+04   4.6959893e+00
   3.7000000e+04   4.6959893e+00
   3.7100000e+04   4.6959893e+00
   3.7200000e+04   4.3494027e+00
   3.7300000e+04   4.3494027e+00
   3.7400000e+04   4.3494027e+00
   3.7500000e+04   4.3494027e+00
   3.7600000e+04   3.8947165e+00
   3.7700000e+04   3.8947165e+00
   3.7800000e+04   3.1187677e+00
   3.7900000e+04   3.1187677e+00
   3.8000000e+04   3.1187677e+00
   3.8100000e+04   3.1187677e+00
   3.8200000e+04   3.1187677e+00
   3.8300000e+04   3.1187677e+00
   3.8400000e+04   2.8813454e+00
   3.8500000e+04   2.8316190e+00
   3.8600000e+04   2.8316190e+00
   3.8700000e+04   2.8316190e+00
   3.8800000e+04   2.8316190e+00
   3.8900000e+04   2.8316190e+00
   3.9000000e+04   2.7339044e+00
   3.9100000e+04   2.7339044e+00
   3.9200000e+04   2.4762029e+00
   3.9300000e+04   1.9122407e+00
   3.9400000e+04   1.7137503e+00
   3.9500000e+04   1.7137503e+00
   3.9600000e+04   1.7137503e+00
   3.9700000e+04   1.7137503e+00
   3.9800000e+04   1.7137503e+00
   3.9900000e+04   1.5111301e+00
   4.0000000e+04   1.5111301e+00
   4.0100000e+04   1.5111301e+00
   4.0200000e+04   1.5111301e+00
   4.0300000e+04   1.5111301e+00
   4.0400000e+04   1.5111301e+00
   4.0500000e+04   1.5111301e+00
   4.0600000e+04   1.5111301e+00
   4.0700000e+04   1.5111301e+00
   4.0800000e+04   1.4488717e+00
   4.0900000e+04   1.4488717e+00
   4.1000000e+04   1.4488717e+00
   4.1100000e+04   1.4488717e+00
   4.1200000e+04   1.3929381e+00
   4.1300000e+04   1.3929381e+00
   4.1400000e+04   1.3929381e+00
   4.1500000e+04   1.3929381e+00
   4.1600000e+04   1.1129335e+00
   4.1700000e+04   1.0931212e+00
   4.1800000e+04   1.0931212e+00
   4.1900000e+04   7.3937494e-01
   4.2000000e+04   7.3937494e-01
   4.2100000e+04   7.3937494e-01
   4.2200000e+04   5.9086020e-01
   4.2300000e+04   5.9086020e-01
   4.2400000e+04   5.9086020e-01
   4.2500000e+04   5.9086020e-01
   4.2600000e+04   5.9086020e-01
   4.2700000e+04   5.9086020e-01
   4.2800000e+04   5.9086020e-01
   4.2900000e+04   5.6784296e-01
   4.3000000e+04   5.6784296e-01
   4.3100000e+04   5.6784296e-01
   4.3200000e+04   5.6784296e-01
   4.3300000e+04   5.6784296e-01
   4.3400000e+04   4.4955859e-01
   4.3500000e+04   4.4955859e-01
   4.3600000e+04   4.4955859e-01
   4.3700000e+04   4.4955859e-01
   4.3800000e+04   4.4955859e-01
   4.3900000e+04   4.4955859e-01
   4.4000000e+04   4.0927738e-01
   4.4100000e+04   4.0927738e-01
   4.4200000e+04   4.0927738e-01
   4.4300000e+04   4.0927738e-01
   4.4400000e+04   4.0927738e-01
   4.4500000e+04   4.0927738e-01
   4.4600000e+04   4.0927738e-01
   4.4700000e+04   3.9597827e-01
   4.4800000e+04   3.8064549e-01
   4.4900000e+04   3.8064549e-01
   4.5000000e+04   3.8064549e-01
   4.5100000e+04   3.5199075e-01
   4.5200000e+04   3.5199075e-01
   4.5300000e+04   3.3847263e-01
   4.5400000e+04   3.3847263e-01
   4.5500000e+04   3.3847263e-01
   4.5600000e+04   3.0542307e-01
   4.5700000e+04   3.0542307e-01
   4.5800000e+04   3.0542307e-01
   4.5900000e+04   3.0542307e-01
   4.6000000e+04   2.4276541e-01
   4.6100000e+04   2.4276541e-01
   4.6200000e+04   2.4276541e-01
   4.6300000e+04   2.1929152e-01
   4.6400000e+04   2.1929152e-01
   4.6500000e+04   2.1500296e-01
   4.6600000e+04   2.1500296e-01
   4.6700000e+04   2.1500296e-01
   4.6800000e+04   2.1500296e-01
   4.6900000e+04   2.0844268e-01
   4.7000000e+04   2.0339818e-01
   4.7100000e+04   2.0339818e-01
   4.7200000e+04   2.0339818e-01
   4.7300000e+04   2.0339818e-01
   4.7400000e+04   2.0339818e-01
   4.7500000e+04   1.8480844e-01
   4.7600000e+04   1.6567700e-01
   4.7700000e+04   1.6567700e-01
   4.7800000e+04   1.6567700e-01
   4.7900000e+04   1.5722659e-01
   4.8000000e+04   1.4641150e-01
   4.8100000e+04   1.4641150e-01
   4.8200000e+04   1.4641150e-01
   4.8300000e+04   1.4641150e-01
   4.8400000e+04   1.4641150e-01
   4.8500000e+04   1.1444978e-01
   4.8600000e+04   1.1444978e-01
   4.8700000e+04   1.1444978e-01
   4.8800000e+04   6.6399215e-02
   4.8900000e+04   6.6399215e-02
   4.9000000e+04   6.6399215e-02
   4.9100000e+04   6.6399215e-02
   4.9200000e+04   6.6399215e-02
   4.9300000e+04   6.6399215e-02
   4.9400000e+04   6.6399215e-02
   4.9500000e+04   6.6399215e-02
   4.9600000e+04   6.6399215e-02
   4.9700000e+04   6.6399215e-02
   4.9800000e+04   6.6399215e-02
   4.9900000e+04   6.6399215e-02
   5.0000000e+04   6.0168408e-02
   5.0100000e+04   6.0168408e-02
   5.0200000e+04   6.0168408e-02
   5.0300000e+04   5.8457169e-02
   5.0400000e+04   5.8073834e-02
   5.0500000e+04   5.8073834e-02
   5.0600000e+04   5.8073834e-02
   5.0700000e+04   5.8073834e-02
   5.0800000e+04   5.8073834e-02
   5.0900000e+04   5.8073834e-02
   5.1000000e+04   5.6015817e-02
   5.1100000e+04   5.6015817e-02
   5.1200000e+04   5.6015817e-02
   5.1300000e+04   5.6015817e-02
   5.1400000e+04   5.6015817e-02
   5.1500000e+04   5.6015817e-02
   5.1600000e+04   5.5529608e-02
   5.1700000e+04   5.5254156e-02
   5.1800000e+04   5.5254156e-02
   5.1900000e+04   5.5254156e-02
   5.2000000e+04   5.5254156e-02
   5.2100000e+04   5.3179090e-02
   5.2200000e+04   5.1315294e-02
   5.2300000e+04   5.1315294e-02
   5.2400000e+04   5.1315294e-02
   5.2500000e+04   4.1656231e-02
   5.2600000e+04   4.1656231e-02
   5.2700000e+04   4.1656231e-02
   5.2800000e+04   4.1656231e-02
   5.2900000e+04   3.9930923e-02
   5.3000000e+04   3.9930923e-02
   5.3100000e+04   3.9930923e-02
   5.3200000e+04   3.9930923e-02
   5.3300000e+04   3.6065761e-02
   5.3400000e+04   3.5522276e-02
   5.3500000e+04   3.5522276e-02
   5.3600000e+04   3.5522276e-02
   5.3700000e+04   3.5522276e-02
   5.3800000e+04   3.3354887e-02
   5.3900000e+04   2.0097751e-02
   5.4000000e+04   2.0097751e-02
   5.4100000e+04   2.0097751e-02
   5.4200000e+04   2.0097751e-02
   5.4300000e+04   2.0097751e-02
   5.4400000e+04   2.0097751e-02
   5.4500000e+04   2.0097751e-02
   5.4600000e+04   2.0097751e-02
   5.4700000e+04   2.0097751e-02
   5.4800000e+04   2.0097751e-02
   5.4900000e+04   2.0097751e-02
   5.5000000e+04   2.0097751e-02
   5.5100000e+04   2.0097751e-02
   5.5200000e+04   1.8687271e-02
   5.5300000e+04   1.8687271e-02
   5.5400000e+04   1.8687271e-02
   5.5500000e+04   1.8687271e-02
   5.5600000e+04   1.8687271e-02
   5.5700000e+04   1.8687271e-02
   5.5800000e+04   1.8687271e-02
   5.5900000e+04   1.8687271e-02
   5.6000000e+04   1.8687271e-02
   5.6100000e+04   1.4555678e-02
   5.6200000e+04   1.4555678e-02
   5.6300000e+04   1.4555678e-02
   5.6400000e+04   1.4555678e-02
   5.6500000e+04   1.4555678e-02
   5.6600000e+04   1.1519442e-02
   5.6700000e+04   1.0454934e-02
   5.6800000e+04   1.0454934e-02
   5.6900000e+04   1.0454934e-02
   5.7000000e+04   1.0454934e-02
   5.7100000e+04   1.0454934e-02
   5.7200000e+04   1.0454934e-02
   5.7300000e+04   1.0454934e-02
   5.7400000e+04   1.0454934e-02
   5.7500000e+04   1.0454934e-02
   5.7600000e+04   1.0454934e-02
   5.7700000e+04   1.0454934e-02
   5.7800000e+04   1.0454934e-02
   5.7900000e+04   1.0454934e-02
   5.8000000e+04   1.0454934e-02
   5.8100000e+04   1.0454934e-02
   5.8200000e+04   1.0454934e-02
   5.8300000e+04   1.0454934e-02
   5.8400000e+04   1.0454934e-02
   5.8500000e+04   1.0454934e-02
   5.8600000e+04   1.0407413e-02
   5.8700000e+04   1.0407413e-02
   5.8800000e+04   9.9942280e-03
   5.8900000e+04   9.9942280e-03
   5.9000000e+04   9.9942280e-03
   5.9100000e+04   9.9942280e-03
   5.9200000e+04   9.9942280e-03
   5.9300000e+04   9.9942280e-03
   5.9400000e+04   9.6879741e-03
   5.9500000e+04   8.6796524e-03
   5.9600000e+04   8.6796524e-03
   5.9700000e+04   8.6796524e-03
   5.9800000e+04   8.1964521e-03
   5.9900000e+04   8.1964521e-03
   6.0000000e+04   8.1964521e-03
   6.0100000e+04   8.1964521e-03
   6.0200000e+04   8.0793068e-03
   6.0300000e+04   8.0793068e-03
   6.0400000e+04   8.0793068e-03
   6.0500000e+04   7.6904686e-03
   6.0600000e+04   7.6904686e-03
   6.0700000e+04   7.6904686e-03
   6.0800000e+04   7.3859554e-03
   6.0900000e+04   7.3065430e-03
   6.1000000e+04   7.3065430e-03
   6.1100000e+04   7.3065430e-03
   6.1200000e+04   6.9342614e-03
   6.1300000e+04   6.9342614e-03
   6.1400000e+04   6.9342614e-03
   6.1500000e+04   6.9342614e-03
   6.1600000e+04   6.9342614e-03
   6.1700000e+04   6.9342614e-03
   6.1800000e+04   6.9342614e-03
   6.1900000e+04   6.8176325e-03
   6.2000000e+04   5.5882445e-03
   6.2100000e+04   5.5882445e-03
   6.2200000e+04   5.5882445e-03
   6.2300000e+04   5.5882445e-03
   6.2400000e+04   5.5882445e-03
   6.2500000e+04   5.5882445e-03
   6.2600000e+04   5.5882445e-03
   6.2700000e+04   5.5882445e-03
   6.2800000e+04   5.5882445e-03
   6.2900000e+04   5.3493600e-03
   6.3000000e+04   5.3493600e-03
   6.3100000e+04   5.3493600e-03
   6.3200000e+04   4.4932456e-03
   6.3300000e+04   4.4932456e-03
   6.3400000e+04   4.4932456e-03
   6.3500000e+04   4.4932456e-03
   6.3600000e+04   4.4932456e-03
   6.3700000e+04   4.4932456e-03
   6.3800000e+04   4.4932456e-03
   6.3900000e+04   4.4932456e-03
   6.4000000e+04   4.4932456e-03
   6.4100000e+04   4.4932456e-03
   6.4200000e+04   4.4932456e-03
   6.4300000e+04   4.4932456e-03
   6.4400000e+04   4.4932456e-03
   6.4500000e+04   4.3123604e-03
   6.4600000e+04   4.3123604e-03
   6.4700000e+04   4.3123604e-03
   6.4800000e+04   4.3123604e-03
   6.4900000e+04   4.3123604e-03
   6.5000000e+04   4.3123604e-03
   6.5100000e+04   4.3123604e-03
   6.5200000e+04   4.3123604e-03
   6.5300000e+04   4.3123604e-03
   6.5400000e+04   4.2667674e-03
   6.5500000e+04   4.2429033e-03
   6.5600000e+04   4.2429033e-03
   6.5700000e+04   4.2429033e-03
   6.5800000e+04   4.2429033e-03
   6.5900000e+04   4.2111320e-03
   6.6000000e+04   4.2111320e-03
   6.6100000e+04   3.8216735e-03
   6.6200000e+04   3.8216735e-03
   6.6300000e+04   3.7250451e-03
   6.6400000e+04   3.7250451e-03
   6.6500000e+04   3.7250451e-03
   6.6600000e+04   3.6204673e-03
   6.6700000e+04   3.6204673e-03
   6.6800000e+04   3.6204673e-03
   6.6900000e+04   3.6204673e-03
   6.7000000e+04   3.6204673e-03
   6.7100000e+04   3.6204673e-03
   6.7200000e+04   3.6204673e-03
   6.7300000e+04   3.6204673e-03
   6.7400000e+04   3.6204673e-03
   6.7500000e+04   3.6204673e-03
   6.7600000e+04   3.6204673e-03
   6.7700000e+04   3.3428920e-03
   6.7800000e+04   3.3428920e-03
   6.7900000e+04   3.3428920e-03
   6.8000000e+04   3.3428920e-03
   6.8100000e+04   3.3428920e-03
   6.8200000e+04   3.3428920e-03
   6.8300000e+04   3.1801030e-03
   6.8400000e+04   3.1747312e-03
   6.8500000e+04   3.1747312e-03
   6.8600000e+04   3.1747312e-03
   6.8700000e+04   3.1747312e-03
   6.8800000e+04   3.1747312e-03
   6.8900000e+04   3.1747312e-03
   6.9000000e+04   3.1747312e-03
   6.9100000e+04   3.1747312e-03
   6.9200000e+04   3.1509598e-03
   6.9300000e+04   3.1509598e-03
   6.9400000e+04   3.1509598e-03
   6.9500000e+04   3.1509598e-03
   6.9600000e+04   3.1509598e-03
   6.9700000e+04   3.1509598e-03
   6.9800000e+04   3.0362870e-03
   6.9900000e+04   3.0362870e-03
   7.0000000e+04   3.0121156e-03
   7.0100000e+04   3.0121156e-03
   7.0200000e+04   3.0121156e-03
   7.0300000e+04   3.0121156e-03
   7.0400000e+04   3.0121156e-03
   7.0500000e+04   2.9107590e-03
   7.0600000e+04   2.9107590e-03
   7.0700000e+04   2.9107590e-03
   7.0800000e+04   2.9107590e-03
   7.0900000e+04   2.9107590e-03
   7.1000000e+04   2.9107590e-03
   7.1100000e+04   2.8927453e-03
   7.1200000e+04   2.8927453e-03
   7.1300000e+04   2.8927453e-03
   7.1400000e+04   2.8927453e-03
   7.1500000e+04   2.8229727e-03
   7.1600000e+04   2.8229727e-03
   7.1700000e+04   2.8229727e-03
   7.1800000e+04   2.6966610e-03
   7.1900000e+04   2.6966610e-03
   7.2000000e+04   2.6966610e-03
   7.2100000e+04   2.6705677e-03
   7.2200000e+04   2.6705677e-03
   7.2300000e+04   2.6590487e-03
   7.2400000e+04   2.6590487e-03
   7.2500000e+04   2.6590487e-03
   7.2600000e+04   2.6590487e-03
   7.2700000e+04   2.6590487e-03
   7.2800000e+04   2.6590487e-03
   7.2900000e+04   2.6065362e-03
   7.3000000e+04   2.6065362e-03
   7.3100000e+04   2.6065362e-03
   7.3200000e+04   2.6065362e-03
   7.3300000e+04   2.6065362e-03
   7.3400000e+04   2.6065362e-03
   7.3500000e+04   2.6065362e-03
   7.3600000e+04   2.6065362e-03
   7.3700000e+04   2.6060558e-03
   7.3800000e+04   2.5940311e-03
   7.3900000e+04   2.5940311e-03
   7.4000000e+04   2.5399417e-03
   7.4100000e+04   2.5399417e-03
   7.4200000e+04   2.5399417e-03
   7.4300000e+04   2.5399417e-03
   7.4400000e+04   2.5399417e-03
   7.4500000e+04   2.5399417e-03
   7.4600000e+04   2.5186401e-03
   7.4700000e+04   2.4945833e-03
   7.4800000e+04   2.4945833e-03
   7.4900000e+04   2.4945833e-03
   7.5000000e+04   2.4945833e-03
   7.5100000e+04   2.4945833e-03
   7.5200000e+04   2.4945833e-03
   7.5300000e+04   2.4945833e-03
   7.5400000e+04   2.4945833e-03
   7.5500000e+04   2.4945833e-03
   7.5600000e+04   2.4945833e-03
   7.5700000e+04   2.4945833e-03
   7.5800000e+04   2.4945833e-03
   7.5900000e+04   2.4910737e-03
   7.6000000e+04   2.4910737e-03
   7.6100000e+04   2.4910737e-03
   7.6200000e+04   2.4910737e-03
   7.6300000e+04   2.4910737e-03
   7.6400000e+04   2.4910737e-03
   7.6500000e+04   2.4910737e-03
   7.6600000e+04   2.4886037e-03
   7.6700000e+04   2.4886037e-03
   7.6800000e+04   2.4886037e-03
   7.6900000e+04   2.4886037e-03
   7.7000000e+04   2.4886037e-03
   7.7100000e+04   2.4743368e-03
   7.7200000e+04   2.4743368e-03
   7.7300000e+04   2.4743368e-03
   7.7400000e+04   2.4743368e-03
   7.7500000e+04   2.4743368e-03
   7.7600000e+04   2.4743368e-03
   7.7700000e+04   2.4364959e-03
   7.7800000e+04   2.4364959e-03
   7.7900000e+04   2.4364959e-03
   7.8000000e+04   2.4364959e-03
   7.8100000e+04   2.4364959e-03
   7.8200000e+04   2.4364959e-03
   7.8300000e+04   2.4364959e-03
   7.8400000e+04   2.4364959e-03
   7.8500000e+04   2.4364959e-03
   7.8600000e+04   2.4364959e-03
   7.8700000e+04   2.4364959e-03
   7.8800000e+04   2.4364959e-03
   7.8900000e+04   2.4364959e-03
   7.9000000e+04   2.4317733e-03
   7.9100000e+04   2.4317733e-03
   7.9200000e+04   2.4317733e-03
   7.9300000e+04   2.4317733e-03
   7.9400000e+04   2.4317733e-03
   7.9500000e+04   2.4317733e-03
   7.9600000e+04   2.4317733e-03
   7.9700000e+04   2.4317733e-03
   7.9800000e+04   2.4317733e-03
   7.9900000e+04   2.4317733e-03
   8.0000000e+04   2.4317733e-03
   8.0100000e+04   2.4317733e-03
   8.0200000e+04   2.4312720e-03
   8.0300000e+04   2.4312720e-03
   8.0400000e+04   2.4312720e-03
   8.0500000e+04   2.4285369e-03
   8.0600000e+04   2.4285369e-03
   8.0700000e+04   2.4285369e-03
   8.0800000e+04   2.4266926e-03
   8.0900000e+04   2.4266926e-03
   8.1000000e+04   2.4261233e-03
   8.1100000e+04   2.4261233e-03
   8.1200000e+04   2.4261233e-03
   8.1300000e+04   2.4261233e-03
   8.1400000e+04   2.4261233e-03
   8.1500000e+04   2.4261233e-03
   8.1600000e+04   2.4261233e-03
   8.1700000e+04   2.4261233e-03
   8.1800000e+04   2.4175300e-03
   8.1900000e+04   2.4175300e-03
   8.2000000e+04   2.4109665e-03
   8.2100000e+04   2.4109665e-03
   8.2200000e+04   2.4109665e-03
   8.2300000e+04   2.4108001e-03
   8.2400000e+04   2.4108001e-03
   8.2500000e+04   2.4108001e-03
   8.2600000e+04   2.4104016e-03
   8.2700000e+04   2.4104016e-03
   8.2800000e+04   2.4104016e-03
   8.2900000e+04   2.4024713e-03
   8.3000000e+04   2.4024713e-03
   8.3100000e+04   2.4024713e-03
   8.3200000e+04   2.4024713e-03
   8.3300000e+04   2.4024713e-03
   8.3400000e+04   2.4024713e-03
   8.3500000e+04   2.4024713e-03
   8.3600000e+04   2.4024713e-03
   8.3700000e+04   2.4024713e-03
   8.3800000e+04   2.4024713e-03
   8.3900000e+04   2.4024713e-03
   8.4000000e+04   2.4024713e-03
   8.4100000e+04   2.3986583e-03
   8.4200000e+04   2.3986583e-03
   8.4300000e+04   2.3828257e-03
   8.4400000e+04   2.3828257e-03
   8.4500000e+04   2.3828257e-03
   8.4600000e+04   2.3828257e-03
   8.4700000e+04   2.3819099e-03
   8.4800000e+04   2.3810565e-03
   8.4900000e+04   2.3810565e-03
   8.5000000e+04   2.3810565e-03
   8.5100000e+04   2.3810565e-03
   8.5200000e+04   2.3781374e-03
   8.5300000e+04   2.3781374e-03
   8.5400000e+04   2.3781374e-03
   8.5500000e+04   2.3781374e-03
   8.5600000e+04   2.3781374e-03
   8.5700000e+04   2.3756551e-03
   8.5800000e+04   2.3756551e-03
   8.5900000e+04   2.3756551e-03
   8.6000000e+04   2.3756551e-03
   8.6100000e+04   2.3705595e-03
   8.6200000e+04   2.3705595e-03
   8.6300000e+04   2.3705595e-03
   8.6400000e+04   2.3705595e-03
   8.6500000e+04   2.3705595e-03
   8.6600000e+04   2.3705595e-03
   8.6700000e+04   2.3705595e-03
   8.6800000e+04   2.3705595e-03
   8.6900000e+04   2.3702389e-03
   8.7000000e+04   2.3702389e-03
   8.7100000e+04   2.3702389e-03
   8.7200000e+04   2.3702389e-03
   8.7300000e+04   2.3692330e-03
   8.7400000e+04   2.3689188e-03
   8.7500000e+04   2.3689188e-03
   8.7600000e+04   2.3689188e-03
   8.7700000e+04   2.3689188e-03
   8.7800000e+04   2.3672453e-03
   8.7900000e+04   2.3672453e-03
   8.8000000e+04   2.3672453e-03
   8.8100000e+04   2.3668245e-03
   8.8200000e+04   2.3668245e-03
   8.8300000e+04   2.3658500e-03
   8.8400000e+04   2.3643464e-03
   8.8500000e+04   2.3643093e-03
   8.8600000e+04   2.3623364e-03
   8.8700000e+04   2.3623364e-03
   8.8800000e+04   2.3623364e-03
   8.8900000e+04   2.3623364e-03
   8.9000000e+04   2.3619801e-03
   8.9100000e+04   2.3619801e-03
   8.9200000e+04   2.3618956e-03
   8.9300000e+04   2.3618956e-03
   8.9400000e+04   2.3618273e-03
   8.9500000e+04   2.3618273e-03
   8.9600000e+04   2.3614103e-03
   8.9700000e+04   2.3614103e-03
   8.9800000e+04   2.3614103e-03
   8.9900000e+04   2.3589027e-03
   9.0000000e+04   2.3589027e-03
   9.0100000e+04   2.3589027e-03
   9.0200000e+04   2.3587838e-03
   9.0300000e+04   2.3580571e-03
   9.0400000e+04   2.3580571e-03
   9.0500000e+04   2.3580571e-03
   9.0600000e+04   2.3565677e-03
   9.0700000e+04   2.3565677e-03
   9.0800000e+04   2.3565677e-03
   9.0900000e+04   2.3563689e-03
   9.1000000e+04   2.3563689e-03
   9.1100000e+04   2.3557756e-03
   9.1200000e+04   2.3557756e-03
   9.1300000e+04   2.3557756e-03
   9.1400000e+04   2.3557756e-03
   9.1500000e+04   2.3557756e-03
   9.1600000e+04   2.3557756e-03
   9.1700000e+04   2.3557756e-03
   9.1800000e+04   2.3551195e-03
   9.1900000e+04   2.3551195e-03
   9.2000000e+04   2.3551195e-03
   9.2100000e+04   2.3551195e-03
   9.2200000e+04   2.3551195e-03
   9.2300000e+04   2.3551195e-03
   9.2400000e+04   2.3535270e-03
   9.2500000e+04   2.3533086e-03
   9.2600000e+04   2.3533086e-03
   9.2700000e+04   2.3510936e-03
   9.2800000e+04   2.3510936e-03
   9.2900000e+04   2.3510936e-03
   9.3000000e+04   2.3510936e-03
   9.3100000e+04   2.3510936e-03
   9.3200000e+04   2.3509505e-03
   9.3300000e+04   2.3509505e-03
   9.3400000e+04   2.3509505e-03
   9.3500000e+04   2.3509505e-03
   9.3600000e+04   2.3509505e-03
   9.3700000e+04   2.3509505e-03
   9.3800000e+04   2.3509505e-03
   9.3900000e+04   2.3503842e-03
   9.4000000e+04   2.3503842e-03
   9.4100000e+04   2.3503842e-03
   9.4200000e+04   2.3502726e-03
   9.4300000e+04   2.3499909e-03
   9.4400000e+04   2.3498015e-03
   9.4500000e+04   2.3498015e-03
   9.4600000e+04   2.3493135e-03
   9.4700000e+04   2.3468744e-03
   9.4800000e+04   2.3468744e-03
   9.4900000e+04   2.3468744e-03
   9.5000000e+04   2.3468744e-03
   9.5100000e+04   2.3468744e-03
   9.5200000e+04   2.3468744e-03
   9.5300000e+04   2.3468744e-03
   9.5400000e+04   2.3468744e-03
   9.5500000e+04   2.3468744e-03
   9.5600000e+04   2.3468744e-03
   9.5700000e+04   2.3468744e-03
   9.5800000e+04   2.3465418e-03
   9.5900000e+04   2.3465418e-03
   9.6000000e+04   2.3465418e-03
   9.6100000e+04   2.3465418e-03
   9.6200000e+04   2.3465418e-03
   9.6300000e+04   2.3443784e-03
   9.6400000e+04   2.3443784e-03
   9.6500000e+04   2.3437841e-03
   9.6600000e+04   2.3437841e-03
   9.6700000e+04   2.3437841e-03
   9.6800000e+04   2.3437841e-03
   9.6900000e+04   2.3432860e-03
   9.7000000e+04   2.3432860e-03
   9.7100000e+04   2.3428115e-03
   9.7200000e+04   2.3428115e-03
   9.7300000e+04   2.3428115e-03
   9.7400000e+04   2.3428115e-03
   9.7500000e+04   2.3428115e-03
   9.7600000e+04   2.3428115e-03
   9.7700000e+04   2.3428115e-03
   9.7800000e+04   2.3420670e-03
   9.7900000e+04   2.3410059e-03
   9.8000000e+04   2.3401603e-03
   9.8100000e+04   2.3401603e-03
   9.8200000e+04   2.3401603e-03
   9.8300000e+04   2.3401603e-03
   9.8400000e+04   2.3401603e-03
   9.8500000e+04   2.3401603e-03
   9.8600000e+04   2.3401603e-03
   9.8700000e+04   2.3401603e-03
   9.8800000e+04   2.3401603e-03
   9.8900000e+04   2.3400313e-03
   9.9000000e+04   2.3393176e-03
   9.9100000e+04   2.3392567e-03
   9.9200000e+04   2.3392567e-03
   9.9300000e+04   2.3380846e-03
   9.9400000e+04   2.3375550e-03
   9.9500000e+04   2.3375550e-03
   9.9600000e+04   2.3369647e-03
   9.9700000e+04   2.3369647e-03
   9.9800000e+04   2.3369647e-03
   9.9900000e+04   2.3369647e-03
   1.0000000e+05   2.3369647e-03
   1.0000000e+05   2.3369647e-03
