   1.0000000e+02   2.0289638e+06
   2.0000000e+02   2.0289638e+06
   3.0000000e+02   2.0289638e+06
   4.0000000e+02   2.0289638e+06
   5.0000000e+02   2.0289638e+06
   6.0000000e+02   2.0289638e+06
   7.0000000e+02   2.0289638e+06
   8.0000000e+02   2.0123541e+06
   9.0000000e+02   2.0123541e+06
   1.0000000e+03   2.0123541e+06
   1.1000000e+03   2.0123541e+06
   1.2000000e+03   1.0278672e+06
   1.3000000e+03   1.0278672e+06
   1.4000000e+03   1.0190935e+06
   1.5000000e+03   1.0190935e+06
   1.6000000e+03   1.0190935e+06
   1.7000000e+03   1.0135947e+06
   1.8000000e+03   1.0135947e+06
   1.9000000e+03   1.0135947e+06
   2.0000000e+03   1.0135947e+06
   2.1000000e+03   1.0135947e+06
   2.2000000e+03   1.0135947e+06
   2.3000000e+03   1.0135947e+06
   2.4000000e+03   1.0135947e+06
   2.5000000e+03   1.0131737e+06
   2.6000000e+03   1.0131737e+06
   2.7000000e+03   1.0131737e+06
   2.8000000e+03   1.0131737e+06
   2.9000000e+03   1.0112866e+06
   3.0000000e+03   1.0112866e+06
   3.1000000e+03   1.0112866e+06
   3.2000000e+03   1.0112866e+06
   3.3000000e+03   1.0112866e+06
   3.4000000e+03   1.0112866e+06
   3.5000000e+03   1.0024545e+06
   3.6000000e+03   1.0024545e+06
   3.7000000e+03   1.0024545e+06
   3.8000000e+03   1.0024545e+06
   3.9000000e+03   1.0024545e+06
   4.0000000e+03   1.0024545e+06
   4.1000000e+03   1.0024545e+06
   4.2000000e+03   1.0024545e+06
   4.3000000e+03   1.0024545e+06
   4.4000000e+03   1.0024545e+06
   4.5000000e+03   1.0024545e+06
   4.6000000e+03   1.0024545e+06
   4.7000000e+03   1.0024545e+06
   4.8000000e+03   1.0024545e+06
   4.9000000e+03   1.0024545e+06
   5.0000000e+03   1.0024545e+06
   5.1000000e+03   1.0024545e+06
   5.2000000e+03   1.0024545e+06
   5.3000000e+03   1.0024545e+06
   5.4000000e+03   1.0024545e+06
   5.5000000e+03   1.0024545e+06
   5.6000000e+03   1.0024545e+06
   5.7000000e+03   1.0024545e+06
   5.8000000e+03   1.0024545e+06
   5.9000000e+03   1.0013578e+06
   6.0000000e+03   1.0013578e+06
   6.1000000e+03   1.0013578e+06
   6.2000000e+03   1.0013578e+06
   6.3000000e+03   1.0013578e+06
   6.4000000e+03   1.0013578e+06
   6.5000000e+03   1.0013578e+06
   6.6000000e+03   1.0013578e+06
   6.7000000e+03   1.0013578e+06
   6.8000000e+03   1.0013578e+06
   6.9000000e+03   1.0013578e+06
   7.0000000e+03   1.0013578e+06
   7.1000000e+03   1.0013578e+06
   7.2000000e+03   1.0013578e+06
   7.3000000e+03   1.0013578e+06
   7.4000000e+03   1.0013578e+06
   7.5000000e+03   1.0013578e+06
   7.6000000e+03   1.0013578e+06
   7.7000000e+03   1.0013578e+06
   7.8000000e+03   1.0013578e+06
   7.9000000e+03   1.0013578e+06
   8.0000000e+03   1.0013578e+06
   8.1000000e+03   1.0013578e+06
   8.2000000e+03   1.0013578e+06
   8.3000000e+03   1.0013578e+06
   8.4000000e+03   1.0013578e+06
   8.5000000e+03   1.0013578e+06
   8.6000000e+03   1.0013578e+06
   8.7000000e+03   1.0013578e+06
   8.8000000e+03   1.0013578e+06
   8.9000000e+03   1.0013578e+06
   9.0000000e+03   1.0008540e+06
   9.1000000e+03   1.0008540e+06
   9.2000000e+03   1.0008540e+06
   9.3000000e+03   1.0008540e+06
   9.4000000e+03   1.0008540e+06
   9.5000000e+03   1.0008540e+06
   9.6000000e+03   1.0008540e+06
   9.7000000e+03   1.0008540e+06
   9.8000000e+03   1.0008540e+06
   9.9000000e+03   1.0008540e+06
   1.0000000e+04   1.0008540e+06
   1.0100000e+04   1.0008540e+06
   1.0200000e+04   1.0008540e+06
   1.0300000e+04   1.0008540e+06
   1.0400000e+04   1.0008540e+06
   1.0500000e+04   1.0008540e+06
   1.0600000e+04   1.0008540e+06
   1.0700000e+04   1.0008540e+06
   1.0800000e+04   1.0008540e+06
   1.0900000e+04   1.0008540e+06
   1.1000000e+04   1.0008540e+06
   1.1100000e+04   1.0008540e+06
   1.1200000e+04   1.0008540e+06
   1.1300000e+04   1.0008153e+06
   1.1400000e+04   1.0008153e+06
   1.1500000e+04   1.0008153e+06
   1.1600000e+04   1.0008153e+06
   1.1700000e+04   1.0008153e+06
   1.1800000e+04   1.0008153e+06
   1.1900000e+04   1.0008153e+06
   1.2000000e+04   1.0008153e+06
   1.2100000e+04   1.0008153e+06
   1.2200000e+04   1.0008153e+06
   1.2300000e+04   1.0008153e+06
   1.2400000e+04   1.0008153e+06
   1.2500000e+04   1.0008153e+06
   1.2600000e+04   1.0008153e+06
   1.2700000e+04   1.0008153e+06
   1.2800000e+04   1.0008153e+06
   1.2900000e+04   1.0008153e+06
   1.3000000e+04   1.0008153e+06
   1.3100000e+04   1.0008153e+06
   1.3200000e+04   1.0008153e+06
   1.3300000e+04   1.0008153e+06
   1.3400000e+04   1.0008153e+06
   1.3500000e+04   1.0008153e+06
   1.3600000e+04   1.0008153e+06
   1.3700000e+04   1.0008153e+06
   1.3800000e+04   1.0008153e+06
   1.3900000e+04   1.0008153e+06
   1.4000000e+04   1.0008153e+06
   1.4100000e+04   1.0008153e+06
   1.4200000e+04   1.0008027e+06
   1.4300000e+04   1.0008027e+06
   1.4400000e+04   1.0008027e+06
   1.4500000e+04   1.0008027e+06
   1.4600000e+04   1.0008027e+06
   1.4700000e+04   7.9073274e+03
   1.4800000e+04   7.9073274e+03
   1.4900000e+04   7.9073274e+03
   1.5000000e+04   7.9073274e+03
   1.5100000e+04   7.9073274e+03
   1.5200000e+04   7.9073274e+03
   1.5300000e+04   7.9073274e+03
   1.5400000e+04   7.9073274e+03
   1.5500000e+04   7.9073274e+03
   1.5600000e+04   7.9073274e+03
   1.5700000e+04   7.9073274e+03
   1.5800000e+04   7.9073274e+03
   1.5900000e+04   7.9073274e+03
   1.6000000e+04   7.9073274e+03
   1.6100000e+04   7.9073274e+03
   1.6200000e+04   7.9073274e+03
   1.6300000e+04   7.9073274e+03
   1.6400000e+04   7.9073274e+03
   1.6500000e+04   7.9073274e+03
   1.6600000e+04   7.9073274e+03
   1.6700000e+04   7.9073274e+03
   1.6800000e+04   7.9073274e+03
   1.6900000e+04   7.9073274e+03
   1.7000000e+04   7.9073274e+03
   1.7100000e+04   7.9073274e+03
   1.7200000e+04   7.9073274e+03
   1.7300000e+04   7.9073274e+03
   1.7400000e+04   7.9073274e+03
   1.7500000e+04   2.9679858e+03
   1.7600000e+04   2.9679858e+03
   1.7700000e+04   2.9679858e+03
   1.7800000e+04   2.9679858e+03
   1.7900000e+04   2.9679858e+03
   1.8000000e+04   2.9679858e+03
   1.8100000e+04   2.9679858e+03
   1.8200000e+04   2.9679858e+03
   1.8300000e+04   2.9679858e+03
   1.8400000e+04   2.9679858e+03
   1.8500000e+04   2.9679858e+03
   1.8600000e+04   2.9679858e+03
   1.8700000e+04   2.9679858e+03
   1.8800000e+04   2.9679858e+03
   1.8900000e+04   2.9679858e+03
   1.9000000e+04   2.9679858e+03
   1.9100000e+04   2.9679858e+03
   1.9200000e+04   2.9679858e+03
   1.9300000e+04   2.9679858e+03
   1.9400000e+04   2.9679858e+03
   1.9500000e+04   2.9679858e+03
   1.9600000e+04   2.9679858e+03
   1.9700000e+04   1.1620555e+03
   1.9800000e+04   1.1620555e+03
   1.9900000e+04   1.1620555e+03
   2.0000000e+04   1.1620555e+03
   2.0100000e+04   1.1620555e+03
   2.0200000e+04   1.1620555e+03
   2.0300000e+04   1.1620555e+03
   2.0400000e+04   1.1620555e+03
   2.0500000e+04   1.1620555e+03
   2.0600000e+04   1.1620555e+03
   2.0700000e+04   1.1620555e+03
   2.0800000e+04   1.1620555e+03
   2.0900000e+04   1.1620555e+03
   2.1000000e+04   1.1620555e+03
   2.1100000e+04   1.1620555e+03
   2.1200000e+04   1.1620555e+03
   2.1300000e+04   1.1620555e+03
   2.1400000e+04   1.1620555e+03
   2.1500000e+04   1.1620555e+03
   2.1600000e+04   1.1620555e+03
   2.1700000e+04   1.1620555e+03
   2.1800000e+04   1.1620555e+03
   2.1900000e+04   1.1620555e+03
   2.2000000e+04   1.1620555e+03
   2.2100000e+04   1.1620555e+03
   2.2200000e+04   8.9762346e+02
   2.2300000e+04   8.9762346e+02
   2.2400000e+04   8.9762346e+02
   2.2500000e+04   8.9762346e+02
   2.2600000e+04   8.9762346e+02
   2.2700000e+04   8.9762346e+02
   2.2800000e+04   8.9762346e+02
   2.2900000e+04   8.9762346e+02
   2.3000000e+04   8.9762346e+02
   2.3100000e+04   8.9762346e+02
   2.3200000e+04   8.9762346e+02
   2.3300000e+04   8.9762346e+02
   2.3400000e+04   8.9762346e+02
   2.3500000e+04   8.9762346e+02
   2.3600000e+04   8.9762346e+02
   2.3700000e+04   8.9762346e+02
   2.3800000e+04   8.9762346e+02
   2.3900000e+04   8.9762346e+02
   2.4000000e+04   8.9762346e+02
   2.4100000e+04   8.9762346e+02
   2.4200000e+04   8.9762346e+02
   2.4300000e+04   8.9762346e+02
   2.4400000e+04   8.9762346e+02
   2.4500000e+04   8.9762346e+02
   2.4600000e+04   8.9762346e+02
   2.4700000e+04   8.9762346e+02
   2.4800000e+04   8.9762346e+02
   2.4900000e+04   8.9762346e+02
   2.5000000e+04   8.9762346e+02
   2.5100000e+04   8.9762346e+02
   2.5200000e+04   8.9762346e+02
   2.5300000e+04   8.9762346e+02
   2.5400000e+04   8.9762346e+02
   2.5500000e+04   8.9762346e+02
   2.5600000e+04   8.9762346e+02
   2.5700000e+04   8.9762346e+02
   2.5800000e+04   8.9762346e+02
   2.5900000e+04   8.9762346e+02
   2.6000000e+04   8.9762346e+02
   2.6100000e+04   8.9762346e+02
   2.6200000e+04   8.9762346e+02
   2.6300000e+04   8.9762346e+02
   2.6400000e+04   8.9762346e+02
   2.6500000e+04   8.9762346e+02
   2.6600000e+04   8.9762346e+02
   2.6700000e+04   8.9762346e+02
   2.6800000e+04   8.9762346e+02
   2.6900000e+04   8.9762346e+02
   2.7000000e+04   8.9762346e+02
   2.7100000e+04   8.9762346e+02
   2.7200000e+04   8.9762346e+02
   2.7300000e+04   8.9762346e+02
   2.7400000e+04   8.9762346e+02
   2.7500000e+04   8.9762346e+02
   2.7600000e+04   8.9762346e+02
   2.7700000e+04   8.9762346e+02
   2.7800000e+04   8.9762346e+02
   2.7900000e+04   8.9762346e+02
   2.8000000e+04   8.9762346e+02
   2.8100000e+04   8.9762346e+02
   2.8200000e+04   4.9839421e+02
   2.8300000e+04   4.9839421e+02
   2.8400000e+04   4.9839421e+02
   2.8500000e+04   4.9839421e+02
   2.8600000e+04   4.9839421e+02
   2.8700000e+04   4.9839421e+02
   2.8800000e+04   4.9839421e+02
   2.8900000e+04   4.9839421e+02
   2.9000000e+04   4.9839421e+02
   2.9100000e+04   4.9839421e+02
   2.9200000e+04   4.9839421e+02
   2.9300000e+04   4.9839421e+02
   2.9400000e+04   4.9839421e+02
   2.9500000e+04   4.9839421e+02
   2.9600000e+04   4.9839421e+02
   2.9700000e+04   4.9839421e+02
   2.9800000e+04   4.9839421e+02
   2.9900000e+04   4.9839421e+02
   3.0000000e+04   4.9839421e+02
   3.0100000e+04   4.9839421e+02
   3.0200000e+04   4.9839421e+02
   3.0300000e+04   4.9839421e+02
   3.0400000e+04   4.9839421e+02
   3.0500000e+04   4.9839421e+02
   3.0600000e+04   4.9839421e+02
   3.0700000e+04   4.9839421e+02
   3.0800000e+04   4.9839421e+02
   3.0900000e+04   4.9839421e+02
   3.1000000e+04   4.9839421e+02
   3.1100000e+04   4.9839421e+02
   3.1200000e+04   4.9839421e+02
   3.1300000e+04   4.9839421e+02
   3.1400000e+04   4.9839421e+02
   3.1500000e+04   4.9839421e+02
   3.1600000e+04   4.1646396e+02
   3.1700000e+04   4.1646396e+02
   3.1800000e+04   4.1646396e+02
   3.1900000e+04   4.1646396e+02
   3.2000000e+04   4.1646396e+02
   3.2100000e+04   4.1646396e+02
   3.2200000e+04   4.1646396e+02
   3.2300000e+04   4.1646396e+02
   3.2400000e+04   4.1646396e+02
   3.2500000e+04   4.1646396e+02
   3.2600000e+04   4.1646396e+02
   3.2700000e+04   4.1646396e+02
   3.2800000e+04   4.1646396e+02
   3.2900000e+04   4.1646396e+02
   3.3000000e+04   4.1646396e+02
   3.3100000e+04   4.1646396e+02
   3.3200000e+04   4.1646396e+02
   3.3300000e+04   4.1646396e+02
   3.3400000e+04   4.1646396e+02
   3.3500000e+04   4.1646396e+02
   3.3600000e+04   4.1646396e+02
   3.3700000e+04   4.1646396e+02
   3.3800000e+04   4.1646396e+02
   3.3900000e+04   4.1646396e+02
   3.4000000e+04   4.1646396e+02
   3.4100000e+04   4.1646396e+02
   3.4200000e+04   4.1646396e+02
   3.4300000e+04   4.1646396e+02
   3.4400000e+04   4.1646396e+02
   3.4500000e+04   4.0732009e+02
   3.4600000e+04   4.0732009e+02
   3.4700000e+04   4.0732009e+02
   3.4800000e+04   4.0732009e+02
   3.4900000e+04   4.0732009e+02
   3.5000000e+04   4.0732009e+02
   3.5100000e+04   4.0732009e+02
   3.5200000e+04   4.0732009e+02
   3.5300000e+04   4.0732009e+02
   3.5400000e+04   4.0732009e+02
   3.5500000e+04   4.0732009e+02
   3.5600000e+04   4.0732009e+02
   3.5700000e+04   4.0732009e+02
   3.5800000e+04   4.0732009e+02
   3.5900000e+04   4.0732009e+02
   3.6000000e+04   4.0732009e+02
   3.6100000e+04   4.0732009e+02
   3.6200000e+04   4.0732009e+02
   3.6300000e+04   4.0732009e+02
   3.6400000e+04   4.0732009e+02
   3.6500000e+04   4.0732009e+02
   3.6600000e+04   4.0732009e+02
   3.6700000e+04   4.0732009e+02
   3.6800000e+04   3.3718014e+02
   3.6900000e+04   3.3718014e+02
   3.7000000e+04   3.3718014e+02
   3.7100000e+04   3.3718014e+02
   3.7200000e+04   3.3718014e+02
   3.7300000e+04   3.3718014e+02
   3.7400000e+04   3.3718014e+02
   3.7500000e+04   3.3718014e+02
   3.7600000e+04   3.3718014e+02
   3.7700000e+04   3.3718014e+02
   3.7800000e+04   3.3718014e+02
   3.7900000e+04   2.0615247e+02
   3.8000000e+04   2.0615247e+02
   3.8100000e+04   2.0615247e+02
   3.8200000e+04   2.0615247e+02
   3.8300000e+04   2.0615247e+02
   3.8400000e+04   2.0615247e+02
   3.8500000e+04   2.0615247e+02
   3.8600000e+04   2.0615247e+02
   3.8700000e+04   2.0615247e+02
   3.8800000e+04   2.0615247e+02
   3.8900000e+04   2.0615247e+02
   3.9000000e+04   2.0615247e+02
   3.9100000e+04   2.0615247e+02
   3.9200000e+04   2.0615247e+02
   3.9300000e+04   1.8799558e+02
   3.9400000e+04   1.8799558e+02
   3.9500000e+04   1.8799558e+02
   3.9600000e+04   1.8799558e+02
   3.9700000e+04   1.8799558e+02
   3.9800000e+04   1.8799558e+02
   3.9900000e+04   1.6421707e+02
   4.0000000e+04   1.6421707e+02
   4.0100000e+04   1.6421707e+02
   4.0200000e+04   1.6421707e+02
   4.0300000e+04   1.6421707e+02
   4.0400000e+04   1.6421707e+02
   4.0500000e+04   1.5013943e+02
   4.0600000e+04   1.5013943e+02
   4.0700000e+04   1.5013943e+02
   4.0800000e+04   1.4699052e+02
   4.0900000e+04   1.4699052e+02
   4.1000000e+04   1.4699052e+02
   4.1100000e+04   1.4699052e+02
   4.1200000e+04   1.2235751e+02
   4.1300000e+04   1.2235751e+02
   4.1400000e+04   1.2235751e+02
   4.1500000e+04   1.2235751e+02
   4.1600000e+04   1.2235751e+02
   4.1700000e+04   1.2235751e+02
   4.1800000e+04   1.2235751e+02
   4.1900000e+04   1.2235751e+02
   4.2000000e+04   1.2235751e+02
   4.2100000e+04   1.0858606e+02
   4.2200000e+04   1.0858606e+02
   4.2300000e+04   1.0858606e+02
   4.2400000e+04   1.0858606e+02
   4.2500000e+04   1.0858606e+02
   4.2600000e+04   1.0858606e+02
   4.2700000e+04   1.0858606e+02
   4.2800000e+04   1.0858606e+02
   4.2900000e+04   1.0858606e+02
   4.3000000e+04   1.0858606e+02
   4.3100000e+04   1.0858606e+02
   4.3200000e+04   9.8491651e+01
   4.3300000e+04   9.8491651e+01
   4.3400000e+04   7.4711626e+01
   4.3500000e+04   7.4711626e+01
   4.3600000e+04   7.0516101e+01
   4.3700000e+04   7.0516101e+01
   4.3800000e+04   6.9799390e+01
   4.3900000e+04   5.7303832e+01
   4.4000000e+04   5.7036336e+01
   4.4100000e+04   5.7036336e+01
   4.4200000e+04   5.7036336e+01
   4.4300000e+04   5.7036336e+01
   4.4400000e+04   5.1895782e+01
   4.4500000e+04   5.1895782e+01
   4.4600000e+04   5.1895782e+01
   4.4700000e+04   5.1895782e+01
   4.4800000e+04   5.1895782e+01
   4.4900000e+04   4.9295250e+01
   4.5000000e+04   4.9295250e+01
   4.5100000e+04   4.9295250e+01
   4.5200000e+04   4.9295250e+01
   4.5300000e+04   4.5522962e+01
   4.5400000e+04   4.5522962e+01
   4.5500000e+04   4.5522962e+01
   4.5600000e+04   4.5522962e+01
   4.5700000e+04   4.5522962e+01
   4.5800000e+04   4.5522962e+01
   4.5900000e+04   4.5522962e+01
   4.6000000e+04   4.1009450e+01
   4.6100000e+04   4.1009450e+01
   4.6200000e+04   3.1937102e+01
   4.6300000e+04   2.7148280e+01
   4.6400000e+04   2.7148280e+01
   4.6500000e+04   2.7148280e+01
   4.6600000e+04   2.7148280e+01
   4.6700000e+04   2.7148280e+01
   4.6800000e+04   2.7148280e+01
   4.6900000e+04   2.5070857e+01
   4.7000000e+04   2.5070857e+01
   4.7100000e+04   2.5070857e+01
   4.7200000e+04   2.5070857e+01
   4.7300000e+04   2.5070857e+01
   4.7400000e+04   2.5070857e+01
   4.7500000e+04   2.5070857e+01
   4.7600000e+04   2.5070857e+01
   4.7700000e+04   2.5070857e+01
   4.7800000e+04   2.1740271e+01
   4.7900000e+04   2.1740271e+01
   4.8000000e+04   2.1740271e+01
   4.8100000e+04   2.1740271e+01
   4.8200000e+04   2.1740271e+01
   4.8300000e+04   2.1740271e+01
   4.8400000e+04   2.1740271e+01
   4.8500000e+04   2.1740271e+01
   4.8600000e+04   2.1740271e+01
   4.8700000e+04   2.1726733e+01
   4.8800000e+04   1.8105921e+01
   4.8900000e+04   1.8105921e+01
   4.9000000e+04   1.7712066e+01
   4.9100000e+04   1.4083597e+01
   4.9200000e+04   1.4083597e+01
   4.9300000e+04   1.4083597e+01
   4.9400000e+04   1.4083597e+01
   4.9500000e+04   1.4083597e+01
   4.9600000e+04   1.4083597e+01
   4.9700000e+04   1.4083597e+01
   4.9800000e+04   1.4083597e+01
   4.9900000e+04   1.4083597e+01
   5.0000000e+04   1.4083597e+01
   5.0100000e+04   1.3606731e+01
   5.0200000e+04   1.3606731e+01
   5.0300000e+04   1.3606731e+01
   5.0400000e+04   1.3606731e+01
   5.0500000e+04   1.3572637e+01
   5.0600000e+04   1.3572637e+01
   5.0700000e+04   1.3572637e+01
   5.0800000e+04   1.2355502e+01
   5.0900000e+04   1.2355502e+01
   5.1000000e+04   1.2355502e+01
   5.1100000e+04   1.2355502e+01
   5.1200000e+04   1.1886638e+01
   5.1300000e+04   1.1583092e+01
   5.1400000e+04   1.1583092e+01
   5.1500000e+04   1.1583092e+01
   5.1600000e+04   1.1583092e+01
   5.1700000e+04   1.0595261e+01
   5.1800000e+04   1.0595261e+01
   5.1900000e+04   1.0595261e+01
   5.2000000e+04   1.0595261e+01
   5.2100000e+04   1.0595261e+01
   5.2200000e+04   9.3872094e+00
   5.2300000e+04   9.1691038e+00
   5.2400000e+04   9.1691038e+00
   5.2500000e+04   9.1691038e+00
   5.2600000e+04   9.1691038e+00
   5.2700000e+04   9.1691038e+00
   5.2800000e+04   9.1691038e+00
   5.2900000e+04   9.1691038e+00
   5.3000000e+04   9.1691038e+00
   5.3100000e+04   8.0307478e+00
   5.3200000e+04   8.0307478e+00
   5.3300000e+04   8.0307478e+00
   5.3400000e+04   8.0307478e+00
   5.3500000e+04   8.0307478e+00
   5.3600000e+04   8.0307478e+00
   5.3700000e+04   8.0307478e+00
   5.3800000e+04   8.0307478e+00
   5.3900000e+04   8.0307478e+00
   5.4000000e+04   7.9352916e+00
   5.4100000e+04   7.9352916e+00
   5.4200000e+04   7.4443457e+00
   5.4300000e+04   7.4443457e+00
   5.4400000e+04   6.0232323e+00
   5.4500000e+04   6.0232323e+00
   5.4600000e+04   6.0232323e+00
   5.4700000e+04   6.0232323e+00
   5.4800000e+04   6.0232323e+00
   5.4900000e+04   6.0232323e+00
   5.5000000e+04   6.0232323e+00
   5.5100000e+04   5.9057587e+00
   5.5200000e+04   4.5490133e+00
   5.5300000e+04   4.5490133e+00
   5.5400000e+04   4.5490133e+00
   5.5500000e+04   4.5490133e+00
   5.5600000e+04   4.5490133e+00
   5.5700000e+04   4.5490133e+00
   5.5800000e+04   4.5490133e+00
   5.5900000e+04   4.5490133e+00
   5.6000000e+04   4.5490133e+00
   5.6100000e+04   4.5490133e+00
   5.6200000e+04   4.5490133e+00
   5.6300000e+04   3.9603974e+00
   5.6400000e+04   3.9603974e+00
   5.6500000e+04   3.7318502e+00
   5.6600000e+04   3.5922310e+00
   5.6700000e+04   3.5922310e+00
   5.6800000e+04   3.5922310e+00
   5.6900000e+04   3.5922310e+00
   5.7000000e+04   3.5054418e+00
   5.7100000e+04   3.5054418e+00
   5.7200000e+04   2.7389286e+00
   5.7300000e+04   2.2136130e+00
   5.7400000e+04   2.2136130e+00
   5.7500000e+04   2.2136130e+00
   5.7600000e+04   2.2136130e+00
   5.7700000e+04   2.2136130e+00
   5.7800000e+04   2.2136130e+00
   5.7900000e+04   2.2136130e+00
   5.8000000e+04   2.1692495e+00
   5.8100000e+04   2.1692495e+00
   5.8200000e+04   2.0428341e+00
   5.8300000e+04   2.0428341e+00
   5.8400000e+04   1.6750382e+00
   5.8500000e+04   1.6750382e+00
   5.8600000e+04   1.6750382e+00
   5.8700000e+04   1.6750382e+00
   5.8800000e+04   1.6750382e+00
   5.8900000e+04   1.6750382e+00
   5.9000000e+04   1.6750382e+00
   5.9100000e+04   1.6645079e+00
   5.9200000e+04   1.6645079e+00
   5.9300000e+04   1.6645079e+00
   5.9400000e+04   1.6645079e+00
   5.9500000e+04   1.4780077e+00
   5.9600000e+04   1.4780077e+00
   5.9700000e+04   1.4780077e+00
   5.9800000e+04   1.4780077e+00
   5.9900000e+04   1.4496112e+00
   6.0000000e+04   1.4496112e+00
   6.0100000e+04   1.4496112e+00
   6.0200000e+04   1.4496112e+00
   6.0300000e+04   1.4496112e+00
   6.0400000e+04   1.4496112e+00
   6.0500000e+04   1.4155657e+00
   6.0600000e+04   1.4155657e+00
   6.0700000e+04   1.3701412e+00
   6.0800000e+04   1.3274748e+00
   6.0900000e+04   1.3274748e+00
   6.1000000e+04   1.2284942e+00
   6.1100000e+04   1.2284942e+00
   6.1200000e+04   1.2284942e+00
   6.1300000e+04   1.2284942e+00
   6.1400000e+04   1.2284942e+00
   6.1500000e+04   1.2284942e+00
   6.1600000e+04   1.2284942e+00
   6.1700000e+04   1.2284942e+00
   6.1800000e+04   1.2284942e+00
   6.1900000e+04   1.2284942e+00
   6.2000000e+04   1.2284942e+00
   6.2100000e+04   1.2284942e+00
   6.2200000e+04   1.2284942e+00
   6.2300000e+04   1.2284942e+00
   6.2400000e+04   1.2284942e+00
   6.2500000e+04   1.2284942e+00
   6.2600000e+04   1.2284942e+00
   6.2700000e+04   1.1436715e+00
   6.2800000e+04   1.1436715e+00
   6.2900000e+04   1.1436715e+00
   6.3000000e+04   1.1436715e+00
   6.3100000e+04   1.1436715e+00
   6.3200000e+04   1.1436715e+00
   6.3300000e+04   1.1436715e+00
   6.3400000e+04   1.1436715e+00
   6.3500000e+04   1.1436715e+00
   6.3600000e+04   1.1436715e+00
   6.3700000e+04   1.1436715e+00
   6.3800000e+04   1.1436715e+00
   6.3900000e+04   1.1356474e+00
   6.4000000e+04   1.1356474e+00
   6.4100000e+04   1.1260187e+00
   6.4200000e+04   1.1260187e+00
   6.4300000e+04   1.1260187e+00
   6.4400000e+04   1.1260187e+00
   6.4500000e+04   1.1260187e+00
   6.4600000e+04   1.1260187e+00
   6.4700000e+04   1.1260187e+00
   6.4800000e+04   1.1260187e+00
   6.4900000e+04   1.1152386e+00
   6.5000000e+04   1.1152386e+00
   6.5100000e+04   1.1152386e+00
   6.5200000e+04   1.1152386e+00
   6.5300000e+04   1.0847059e+00
   6.5400000e+04   1.0847059e+00
   6.5500000e+04   1.0847059e+00
   6.5600000e+04   1.0738248e+00
   6.5700000e+04   1.0738248e+00
   6.5800000e+04   1.0738248e+00
   6.5900000e+04   1.0738248e+00
   6.6000000e+04   1.0738248e+00
   6.6100000e+04   1.0738248e+00
   6.6200000e+04   1.0738248e+00
   6.6300000e+04   1.0738248e+00
   6.6400000e+04   1.0621660e+00
   6.6500000e+04   1.0575864e+00
   6.6600000e+04   1.0549919e+00
   6.6700000e+04   1.0470049e+00
   6.6800000e+04   1.0470049e+00
   6.6900000e+04   1.0470049e+00
   6.7000000e+04   1.0460380e+00
   6.7100000e+04   1.0460380e+00
   6.7200000e+04   1.0460380e+00
   6.7300000e+04   1.0460380e+00
   6.7400000e+04   1.0330827e+00
   6.7500000e+04   1.0285744e+00
   6.7600000e+04   1.0285744e+00
   6.7700000e+04   1.0285744e+00
   6.7800000e+04   1.0285744e+00
   6.7900000e+04   1.0285744e+00
   6.8000000e+04   1.0267483e+00
   6.8100000e+04   1.0267483e+00
   6.8200000e+04   1.0267483e+00
   6.8300000e+04   1.0267483e+00
   6.8400000e+04   1.0267483e+00
   6.8500000e+04   1.0267483e+00
   6.8600000e+04   1.0267483e+00
   6.8700000e+04   1.0267483e+00
   6.8800000e+04   1.0267483e+00
   6.8900000e+04   1.0267483e+00
   6.9000000e+04   1.0267483e+00
   6.9100000e+04   1.0267483e+00
   6.9200000e+04   1.0267483e+00
   6.9300000e+04   1.0267483e+00
   6.9400000e+04   1.0267483e+00
   6.9500000e+04   1.0267483e+00
   6.9600000e+04   1.0249035e+00
   6.9700000e+04   1.0249035e+00
   6.9800000e+04   1.0247440e+00
   6.9900000e+04   1.0247440e+00
   7.0000000e+04   1.0235396e+00
   7.0100000e+04   1.0235396e+00
   7.0200000e+04   1.0177693e+00
   7.0300000e+04   1.0129311e+00
   7.0400000e+04   1.0129311e+00
   7.0500000e+04   1.0088275e+00
   7.0600000e+04   1.0088275e+00
   7.0700000e+04   1.0088275e+00
   7.0800000e+04   1.0088275e+00
   7.0900000e+04   1.0088275e+00
   7.1000000e+04   1.0088275e+00
   7.1100000e+04   1.0088275e+00
   7.1200000e+04   1.0077068e+00
   7.1300000e+04   1.0077068e+00
   7.1400000e+04   1.0077068e+00
   7.1500000e+04   1.0075027e+00
   7.1600000e+04   1.0041897e+00
   7.1700000e+04   1.0041897e+00
   7.1800000e+04   1.0041897e+00
   7.1900000e+04   1.0041897e+00
   7.2000000e+04   1.0039493e+00
   7.2100000e+04   1.0019103e+00
   7.2200000e+04   1.0019103e+00
   7.2300000e+04   1.0019103e+00
   7.2400000e+04   1.0009818e+00
   7.2500000e+04   9.9967835e-01
   7.2600000e+04   9.9881387e-01
   7.2700000e+04   9.9603904e-01
   7.2800000e+04   9.9603904e-01
   7.2900000e+04   9.9603904e-01
   7.3000000e+04   9.9603904e-01
   7.3100000e+04   9.9603904e-01
   7.3200000e+04   9.9603904e-01
   7.3300000e+04   9.9391675e-01
   7.3400000e+04   9.9391675e-01
   7.3500000e+04   9.9391675e-01
   7.3600000e+04   9.9294857e-01
   7.3700000e+04   9.9012929e-01
   7.3800000e+04   9.8128826e-01
   7.3900000e+04   9.8128826e-01
   7.4000000e+04   9.8128826e-01
   7.4100000e+04   9.8128826e-01
   7.4200000e+04   9.7972915e-01
   7.4300000e+04   9.7972915e-01
   7.4400000e+04   9.7485488e-01
   7.4500000e+04   9.7485488e-01
   7.4600000e+04   9.7485488e-01
   7.4700000e+04   9.7298456e-01
   7.4800000e+04   9.7298456e-01
   7.4900000e+04   9.6499772e-01
   7.5000000e+04   9.6499772e-01
   7.5100000e+04   9.6499772e-01
   7.5200000e+04   9.6437964e-01
   7.5300000e+04   9.5789440e-01
   7.5400000e+04   9.5428892e-01
   7.5500000e+04   9.5265507e-01
   7.5600000e+04   9.4563482e-01
   7.5700000e+04   9.4444765e-01
   7.5800000e+04   9.3963719e-01
   7.5900000e+04   9.3124750e-01
   7.6000000e+04   9.3124750e-01
   7.6100000e+04   9.3124750e-01
   7.6200000e+04   9.3109018e-01
   7.6300000e+04   9.2420497e-01
   7.6400000e+04   9.2420497e-01
   7.6500000e+04   9.2316798e-01
   7.6600000e+04   9.1482991e-01
   7.6700000e+04   9.0792832e-01
   7.6800000e+04   9.0229589e-01
   7.6900000e+04   9.0172484e-01
   7.7000000e+04   8.9695022e-01
   7.7100000e+04   8.9695022e-01
   7.7200000e+04   8.9651514e-01
   7.7300000e+04   8.9651514e-01
   7.7400000e+04   8.9056332e-01
   7.7500000e+04   8.8772983e-01
   7.7600000e+04   8.6813364e-01
   7.7700000e+04   8.5445904e-01
   7.7800000e+04   8.5373150e-01
   7.7900000e+04   8.4948506e-01
   7.8000000e+04   8.2629894e-01
   7.8100000e+04   8.1605182e-01
   7.8200000e+04   7.9337997e-01
   7.8300000e+04   7.8808570e-01
   7.8400000e+04   7.8808570e-01
   7.8500000e+04   7.8808570e-01
   7.8600000e+04   7.8808570e-01
   7.8700000e+04   7.8438289e-01
   7.8800000e+04   7.8095702e-01
   7.8900000e+04   7.7585228e-01
   7.9000000e+04   7.6294087e-01
   7.9100000e+04   7.3828062e-01
   7.9200000e+04   7.3828062e-01
   7.9300000e+04   7.3828062e-01
   7.9400000e+04   7.3828062e-01
   7.9500000e+04   7.3204212e-01
   7.9600000e+04   7.1900251e-01
   7.9700000e+04   6.9447863e-01
   7.9800000e+04   6.8447577e-01
   7.9900000e+04   6.8447577e-01
   8.0000000e+04   6.8447577e-01
   8.0100000e+04   6.8447577e-01
   8.0200000e+04   6.8447577e-01
   8.0300000e+04   6.8447577e-01
   8.0400000e+04   6.8447577e-01
   8.0500000e+04   6.8447577e-01
   8.0600000e+04   6.8447577e-01
   8.0700000e+04   6.8238696e-01
   8.0800000e+04   6.5624168e-01
   8.0900000e+04   6.4536297e-01
   8.1000000e+04   6.3441677e-01
   8.1100000e+04   6.3020050e-01
   8.1200000e+04   6.3020050e-01
   8.1300000e+04   6.2415286e-01
   8.1400000e+04   6.1352916e-01
   8.1500000e+04   6.0548530e-01
   8.1600000e+04   6.0548530e-01
   8.1700000e+04   6.0548530e-01
   8.1800000e+04   6.0523664e-01
   8.1900000e+04   5.9994631e-01
   8.2000000e+04   5.8595992e-01
   8.2100000e+04   5.8595992e-01
   8.2200000e+04   5.6284617e-01
   8.2300000e+04   5.6209278e-01
   8.2400000e+04   5.4837280e-01
   8.2500000e+04   5.4837280e-01
   8.2600000e+04   5.4821164e-01
   8.2700000e+04   5.3686472e-01
   8.2800000e+04   5.3686472e-01
   8.2900000e+04   5.3686472e-01
   8.3000000e+04   5.2826599e-01
   8.3100000e+04   5.2826599e-01
   8.3200000e+04   5.2826599e-01
   8.3300000e+04   5.2658827e-01
   8.3400000e+04   5.2658827e-01
   8.3500000e+04   5.2658827e-01
   8.3600000e+04   5.2658827e-01
   8.3700000e+04   5.2658827e-01
   8.3800000e+04   5.2658827e-01
   8.3900000e+04   5.2658827e-01
   8.4000000e+04   5.2658827e-01
   8.4100000e+04   5.2658827e-01
   8.4200000e+04   5.2630329e-01
   8.4300000e+04   5.2630329e-01
   8.4400000e+04   5.2630329e-01
   8.4500000e+04   5.2630329e-01
   8.4600000e+04   5.2262004e-01
   8.4700000e+04   5.2262004e-01
   8.4800000e+04   5.2262004e-01
   8.4900000e+04   5.2262004e-01
   8.5000000e+04   5.2262004e-01
   8.5100000e+04   5.2262004e-01
   8.5200000e+04   5.2224239e-01
   8.5300000e+04   5.1726591e-01
   8.5400000e+04   5.1726591e-01
   8.5500000e+04   5.1726591e-01
   8.5600000e+04   5.1726591e-01
   8.5700000e+04   5.1437922e-01
   8.5800000e+04   5.1437922e-01
   8.5900000e+04   5.1437922e-01
   8.6000000e+04   5.1437922e-01
   8.6100000e+04   5.1437922e-01
   8.6200000e+04   5.1437922e-01
   8.6300000e+04   5.1437922e-01
   8.6400000e+04   5.1437922e-01
   8.6500000e+04   5.1437922e-01
   8.6600000e+04   5.1437922e-01
   8.6700000e+04   5.1437922e-01
   8.6800000e+04   5.1437922e-01
   8.6900000e+04   5.1437922e-01
   8.7000000e+04   5.1437922e-01
   8.7100000e+04   5.1437922e-01
   8.7200000e+04   5.1437922e-01
   8.7300000e+04   5.1351872e-01
   8.7400000e+04   5.1343475e-01
   8.7500000e+04   5.1343475e-01
   8.7600000e+04   5.1188079e-01
   8.7700000e+04   5.1163698e-01
   8.7800000e+04   5.1163698e-01
   8.7900000e+04   5.1163698e-01
   8.8000000e+04   5.1163698e-01
   8.8100000e+04   5.1128585e-01
   8.8200000e+04   5.1128585e-01
   8.8300000e+04   5.1103140e-01
   8.8400000e+04   5.1007657e-01
   8.8500000e+04   5.0921471e-01
   8.8600000e+04   5.0845546e-01
   8.8700000e+04   5.0695316e-01
   8.8800000e+04   5.0679136e-01
   8.8900000e+04   5.0643899e-01
   8.9000000e+04   5.0643899e-01
   8.9100000e+04   5.0525203e-01
   8.9200000e+04   5.0317995e-01
   8.9300000e+04   5.0317995e-01
   8.9400000e+04   5.0317995e-01
   8.9500000e+04   5.0317995e-01
   8.9600000e+04   5.0317995e-01
   8.9700000e+04   5.0317995e-01
   8.9800000e+04   5.0145712e-01
   8.9900000e+04   5.0145712e-01
   9.0000000e+04   5.0109070e-01
   9.0100000e+04   4.9964458e-01
   9.0200000e+04   4.9964458e-01
   9.0300000e+04   4.9802918e-01
   9.0400000e+04   4.9730658e-01
   9.0500000e+04   4.9705377e-01
   9.0600000e+04   4.9705377e-01
   9.0700000e+04   4.9705377e-01
   9.0800000e+04   4.9688682e-01
   9.0900000e+04   4.9622890e-01
   9.1000000e+04   4.9452323e-01
   9.1100000e+04   4.9400949e-01
   9.1200000e+04   4.9374490e-01
   9.1300000e+04   4.9374490e-01
   9.1400000e+04   4.9374490e-01
   9.1500000e+04   4.9366984e-01
   9.1600000e+04   4.9210289e-01
   9.1700000e+04   4.9210289e-01
   9.1800000e+04   4.9057138e-01
   9.1900000e+04   4.9026427e-01
   9.2000000e+04   4.9026427e-01
   9.2100000e+04   4.9018270e-01
   9.2200000e+04   4.9018270e-01
   9.2300000e+04   4.8935299e-01
   9.2400000e+04   4.8837332e-01
   9.2500000e+04   4.8837332e-01
   9.2600000e+04   4.8837332e-01
   9.2700000e+04   4.8837332e-01
   9.2800000e+04   4.8837332e-01
   9.2900000e+04   4.8837332e-01
   9.3000000e+04   4.8824107e-01
   9.3100000e+04   4.8794132e-01
   9.3200000e+04   4.8618021e-01
   9.3300000e+04   4.8618021e-01
   9.3400000e+04   4.8618021e-01
   9.3500000e+04   4.8618021e-01
   9.3600000e+04   4.8618021e-01
   9.3700000e+04   4.8618021e-01
   9.3800000e+04   4.8618021e-01
   9.3900000e+04   4.8618021e-01
   9.4000000e+04   4.8604153e-01
   9.4100000e+04   4.8604153e-01
   9.4200000e+04   4.8604153e-01
   9.4300000e+04   4.8552718e-01
   9.4400000e+04   4.8552718e-01
   9.4500000e+04   4.8517948e-01
   9.4600000e+04   4.8517948e-01
   9.4700000e+04   4.8488544e-01
   9.4800000e+04   4.8488544e-01
   9.4900000e+04   4.8488544e-01
   9.5000000e+04   4.8488544e-01
   9.5100000e+04   4.8488544e-01
   9.5200000e+04   4.8488544e-01
   9.5300000e+04   4.8488544e-01
   9.5400000e+04   4.8463841e-01
   9.5500000e+04   4.8463841e-01
   9.5600000e+04   4.8463841e-01
   9.5700000e+04   4.8463841e-01
   9.5800000e+04   4.8463841e-01
   9.5900000e+04   4.8452493e-01
   9.6000000e+04   4.8452493e-01
   9.6100000e+04   4.8443953e-01
   9.6200000e+04   4.8443953e-01
   9.6300000e+04   4.8423778e-01
   9.6400000e+04   4.8422314e-01
   9.6500000e+04   4.8398732e-01
   9.6600000e+04   4.8366021e-01
   9.6700000e+04   4.8366021e-01
   9.6800000e+04   4.8346807e-01
   9.6900000e+04   4.8346807e-01
   9.7000000e+04   4.8326552e-01
   9.7100000e+04   4.8326552e-01
   9.7200000e+04   4.8326552e-01
   9.7300000e+04   4.8316675e-01
   9.7400000e+04   4.8309253e-01
   9.7500000e+04   4.8309253e-01
   9.7600000e+04   4.8309253e-01
   9.7700000e+04   4.8309253e-01
   9.7800000e+04   4.8281051e-01
   9.7900000e+04   4.8281051e-01
   9.8000000e+04   4.8281051e-01
   9.8100000e+04   4.8281051e-01
   9.8200000e+04   4.8281051e-01
   9.8300000e+04   4.8281051e-01
   9.8400000e+04   4.8281051e-01
   9.8500000e+04   4.8281051e-01
   9.8600000e+04   4.8281051e-01
   9.8700000e+04   4.8266089e-01
   9.8800000e+04   4.8266089e-01
   9.8900000e+04   4.8266089e-01
   9.9000000e+04   4.8266089e-01
   9.9100000e+04   4.8266089e-01
   9.9200000e+04   4.8264858e-01
   9.9300000e+04   4.8264858e-01
   9.9400000e+04   4.8257144e-01
   9.9500000e+04   4.8257144e-01
   9.9600000e+04   4.8257144e-01
   9.9700000e+04   4.8257144e-01
   9.9800000e+04   4.8257144e-01
   9.9900000e+04   4.8257144e-01
   1.0000000e+05   4.8257144e-01
   1.0000000e+05   4.8257144e-01
