   1.0000000e+02   3.2139871e+03
   2.0000000e+02   3.2139871e+03
   3.0000000e+02   3.2139871e+03
   4.0000000e+02   3.2139871e+03
   5.0000000e+02   3.2139871e+03
   6.0000000e+02   3.2139871e+03
   7.0000000e+02   3.2139871e+03
   8.0000000e+02   3.2139871e+03
   9.0000000e+02   3.2139871e+03
   1.0000000e+03   3.2139871e+03
   1.1000000e+03   3.2139871e+03
   1.2000000e+03   3.2139871e+03
   1.3000000e+03   3.2139871e+03
   1.4000000e+03   3.2139871e+03
   1.5000000e+03   3.2139871e+03
   1.6000000e+03   3.2139871e+03
   1.7000000e+03   3.2139871e+03
   1.8000000e+03   3.2139871e+03
   1.9000000e+03   3.2139871e+03
   2.0000000e+03   3.2139871e+03
   2.1000000e+03   3.2139871e+03
   2.2000000e+03   3.2139871e+03
   2.3000000e+03   3.2139871e+03
   2.4000000e+03   3.2139871e+03
   2.5000000e+03   3.2139871e+03
   2.6000000e+03   3.2139871e+03
   2.7000000e+03   3.2139871e+03
   2.8000000e+03   3.2139871e+03
   2.9000000e+03   3.2139871e+03
   3.0000000e+03   3.2139871e+03
   3.1000000e+03   3.2139871e+03
   3.2000000e+03   3.2139871e+03
   3.3000000e+03   3.2139871e+03
   3.4000000e+03   3.2139871e+03
   3.5000000e+03   3.2139871e+03
   3.6000000e+03   3.2139871e+03
   3.7000000e+03   3.2139871e+03
   3.8000000e+03   3.2139871e+03
   3.9000000e+03   3.2139871e+03
   4.0000000e+03   3.2139871e+03
   4.1000000e+03   3.2139871e+03
   4.2000000e+03   3.2139871e+03
   4.3000000e+03   3.2139871e+03
   4.4000000e+03   3.2139871e+03
   4.5000000e+03   3.2139871e+03
   4.6000000e+03   3.2139871e+03
   4.7000000e+03   3.2139871e+03
   4.8000000e+03   3.2139871e+03
   4.9000000e+03   3.2139871e+03
   5.0000000e+03   3.2139871e+03
   5.1000000e+03   3.2139871e+03
   5.2000000e+03   3.2139871e+03
   5.3000000e+03   3.2139871e+03
   5.4000000e+03   1.1748892e+03
   5.5000000e+03   1.1748892e+03
   5.6000000e+03   1.1748892e+03
   5.7000000e+03   1.1748892e+03
   5.8000000e+03   1.1748892e+03
   5.9000000e+03   1.1748892e+03
   6.0000000e+03   1.1748892e+03
   6.1000000e+03   1.1748892e+03
   6.2000000e+03   1.1748892e+03
   6.3000000e+03   1.1748892e+03
   6.4000000e+03   1.1748892e+03
   6.5000000e+03   1.1748892e+03
   6.6000000e+03   1.1748892e+03
   6.7000000e+03   1.1748892e+03
   6.8000000e+03   1.1748892e+03
   6.9000000e+03   1.1748892e+03
   7.0000000e+03   1.1748892e+03
   7.1000000e+03   1.1748892e+03
   7.2000000e+03   1.1748892e+03
   7.3000000e+03   1.1748892e+03
   7.4000000e+03   1.1748892e+03
   7.5000000e+03   1.1748892e+03
   7.6000000e+03   1.1748892e+03
   7.7000000e+03   1.1748892e+03
   7.8000000e+03   1.1748892e+03
   7.9000000e+03   1.1748892e+03
   8.0000000e+03   1.1748892e+03
   8.1000000e+03   1.1748892e+03
   8.2000000e+03   1.1748892e+03
   8.3000000e+03   1.1748892e+03
   8.4000000e+03   1.1748892e+03
   8.5000000e+03   1.1748892e+03
   8.6000000e+03   1.1748892e+03
   8.7000000e+03   1.1748892e+03
   8.8000000e+03   1.1748892e+03
   8.9000000e+03   1.1748892e+03
   9.0000000e+03   1.1748892e+03
   9.1000000e+03   1.1748892e+03
   9.2000000e+03   1.1748892e+03
   9.3000000e+03   1.1748892e+03
   9.4000000e+03   1.1748892e+03
   9.5000000e+03   1.1748892e+03
   9.6000000e+03   1.1748892e+03
   9.7000000e+03   1.1748892e+03
   9.8000000e+03   1.1748892e+03
   9.9000000e+03   1.1748892e+03
   1.0000000e+04   1.1748892e+03
   1.0100000e+04   1.1748892e+03
   1.0200000e+04   1.1748892e+03
   1.0300000e+04   1.1748892e+03
   1.0400000e+04   1.1748892e+03
   1.0500000e+04   1.1748892e+03
   1.0600000e+04   1.1748892e+03
   1.0700000e+04   1.1748892e+03
   1.0800000e+04   1.1748892e+03
   1.0900000e+04   1.1748892e+03
   1.1000000e+04   1.1748892e+03
   1.1100000e+04   1.1748892e+03
   1.1200000e+04   1.1748892e+03
   1.1300000e+04   1.1748892e+03
   1.1400000e+04   1.1748892e+03
   1.1500000e+04   1.1748892e+03
   1.1600000e+04   1.1748892e+03
   1.1700000e+04   1.1748892e+03
   1.1800000e+04   1.1748892e+03
   1.1900000e+04   1.1748892e+03
   1.2000000e+04   1.1748892e+03
   1.2100000e+04   1.1748892e+03
   1.2200000e+04   1.1748892e+03
   1.2300000e+04   1.1748892e+03
   1.2400000e+04   1.1748892e+03
   1.2500000e+04   1.1748892e+03
   1.2600000e+04   1.1748892e+03
   1.2700000e+04   1.1230045e+03
   1.2800000e+04   1.1230045e+03
   1.2900000e+04   1.1230045e+03
   1.3000000e+04   1.1230045e+03
   1.3100000e+04   1.1230045e+03
   1.3200000e+04   1.1230045e+03
   1.3300000e+04   1.1230045e+03
   1.3400000e+04   1.1230045e+03
   1.3500000e+04   1.1230045e+03
   1.3600000e+04   1.1230045e+03
   1.3700000e+04   1.1230045e+03
   1.3800000e+04   1.1230045e+03
   1.3900000e+04   1.1230045e+03
   1.4000000e+04   1.1230045e+03
   1.4100000e+04   1.1230045e+03
   1.4200000e+04   1.1230045e+03
   1.4300000e+04   1.1230045e+03
   1.4400000e+04   1.1230045e+03
   1.4500000e+04   1.1230045e+03
   1.4600000e+04   1.1230045e+03
   1.4700000e+04   1.1230045e+03
   1.4800000e+04   1.1230045e+03
   1.4900000e+04   1.1230045e+03
   1.5000000e+04   1.1230045e+03
   1.5100000e+04   1.1230045e+03
   1.5200000e+04   1.1230045e+03
   1.5300000e+04   1.1230045e+03
   1.5400000e+04   1.1230045e+03
   1.5500000e+04   1.1230045e+03
   1.5600000e+04   1.1230045e+03
   1.5700000e+04   1.1230045e+03
   1.5800000e+04   1.1230045e+03
   1.5900000e+04   1.1230045e+03
   1.6000000e+04   1.1230045e+03
   1.6100000e+04   1.1230045e+03
   1.6200000e+04   1.1230045e+03
   1.6300000e+04   1.1230045e+03
   1.6400000e+04   1.1230045e+03
   1.6500000e+04   1.1230045e+03
   1.6600000e+04   1.1230045e+03
   1.6700000e+04   1.1230045e+03
   1.6800000e+04   1.1230045e+03
   1.6900000e+04   1.1230045e+03
   1.7000000e+04   1.1230045e+03
   1.7100000e+04   1.1230045e+03
   1.7200000e+04   1.1230045e+03
   1.7300000e+04   1.1230045e+03
   1.7400000e+04   1.1230045e+03
   1.7500000e+04   1.1230045e+03
   1.7600000e+04   1.1230045e+03
   1.7700000e+04   1.1230045e+03
   1.7800000e+04   1.1230045e+03
   1.7900000e+04   1.1230045e+03
   1.8000000e+04   1.1230045e+03
   1.8100000e+04   1.1230045e+03
   1.8200000e+04   1.1230045e+03
   1.8300000e+04   1.1230045e+03
   1.8400000e+04   1.1230045e+03
   1.8500000e+04   1.1230045e+03
   1.8600000e+04   1.1230045e+03
   1.8700000e+04   1.1230045e+03
   1.8800000e+04   1.1230045e+03
   1.8900000e+04   1.1230045e+03
   1.9000000e+04   1.1230045e+03
   1.9100000e+04   1.1230045e+03
   1.9200000e+04   1.1230045e+03
   1.9300000e+04   1.1230045e+03
   1.9400000e+04   1.1230045e+03
   1.9500000e+04   1.1230045e+03
   1.9600000e+04   1.1230045e+03
   1.9700000e+04   1.1230045e+03
   1.9800000e+04   9.0253677e+02
   1.9900000e+04   9.0253677e+02
   2.0000000e+04   9.0253677e+02
   2.0100000e+04   9.0253677e+02
   2.0200000e+04   9.0253677e+02
   2.0300000e+04   1.6784821e+02
   2.0400000e+04   1.6784821e+02
   2.0500000e+04   1.6784821e+02
   2.0600000e+04   1.6784821e+02
   2.0700000e+04   1.6784821e+02
   2.0800000e+04   1.6784821e+02
   2.0900000e+04   1.6784821e+02
   2.1000000e+04   1.6784821e+02
   2.1100000e+04   1.6784821e+02
   2.1200000e+04   1.6784821e+02
   2.1300000e+04   1.6784821e+02
   2.1400000e+04   1.6784821e+02
   2.1500000e+04   1.6784821e+02
   2.1600000e+04   1.6784821e+02
   2.1700000e+04   1.6784821e+02
   2.1800000e+04   1.6784821e+02
   2.1900000e+04   1.6784821e+02
   2.2000000e+04   1.5503589e+02
   2.2100000e+04   1.4673290e+02
   2.2200000e+04   1.0108081e+02
   2.2300000e+04   5.6277261e+01
   2.2400000e+04   2.9038644e+01
   2.2500000e+04   2.9038644e+01
   2.2600000e+04   2.9038644e+01
   2.2700000e+04   2.9038644e+01
   2.2800000e+04   2.9038644e+01
   2.2900000e+04   2.9038644e+01
   2.3000000e+04   2.9038644e+01
   2.3100000e+04   2.9038644e+01
   2.3200000e+04   2.9038644e+01
   2.3300000e+04   2.9038644e+01
   2.3400000e+04   2.9038644e+01
   2.3500000e+04   2.4834140e+01
   2.3600000e+04   2.4834140e+01
   2.3700000e+04   2.4834140e+01
   2.3800000e+04   2.4834140e+01
   2.3900000e+04   2.4834140e+01
   2.4000000e+04   2.4543207e+01
   2.4100000e+04   2.4543207e+01
   2.4200000e+04   2.1936878e+01
   2.4300000e+04   2.1936878e+01
   2.4400000e+04   1.7520332e+01
   2.4500000e+04   1.7520332e+01
   2.4600000e+04   1.7481515e+01
   2.4700000e+04   1.5843239e+01
   2.4800000e+04   1.5843239e+01
   2.4900000e+04   1.2136746e+01
   2.5000000e+04   1.2136746e+01
   2.5100000e+04   1.2136746e+01
   2.5200000e+04   1.1750445e+01
   2.5300000e+04   1.0482743e+01
   2.5400000e+04   9.6028746e+00
   2.5500000e+04   8.7233062e+00
   2.5600000e+04   7.7579609e+00
   2.5700000e+04   7.7579609e+00
   2.5800000e+04   7.0157034e+00
   2.5900000e+04   6.9311183e+00
   2.6000000e+04   6.4286779e+00
   2.6100000e+04   5.4452695e+00
   2.6200000e+04   5.4039412e+00
   2.6300000e+04   4.9991434e+00
   2.6400000e+04   4.4393918e+00
   2.6500000e+04   4.0885257e+00
   2.6600000e+04   3.8320556e+00
   2.6700000e+04   3.3389112e+00
   2.6800000e+04   2.8748960e+00
   2.6900000e+04   2.8748960e+00
   2.7000000e+04   2.8748960e+00
   2.7100000e+04   2.4014335e+00
   2.7200000e+04   2.2602414e+00
   2.7300000e+04   1.6838169e+00
   2.7400000e+04   1.2745818e+00
   2.7500000e+04   1.2745818e+00
   2.7600000e+04   1.2745818e+00
   2.7700000e+04   1.1694549e+00
   2.7800000e+04   1.1167667e+00
   2.7900000e+04   7.6721032e-01
   2.8000000e+04   6.5169001e-01
   2.8100000e+04   6.5169001e-01
   2.8200000e+04   6.2005990e-01
   2.8300000e+04   6.2005990e-01
   2.8400000e+04   6.2005990e-01
   2.8500000e+04   6.2005990e-01
   2.8600000e+04   5.9159635e-01
   2.8700000e+04   5.9159635e-01
   2.8800000e+04   5.0420574e-01
   2.8900000e+04   4.0666443e-01
   2.9000000e+04   3.9443437e-01
   2.9100000e+04   3.9443437e-01
   2.9200000e+04   3.3386083e-01
   2.9300000e+04   2.7134180e-01
   2.9400000e+04   2.7134180e-01
   2.9500000e+04   2.6317806e-01
   2.9600000e+04   2.1992127e-01
   2.9700000e+04   2.0131354e-01
   2.9800000e+04   2.0131354e-01
   2.9900000e+04   2.0131354e-01
   3.0000000e+04   2.0131354e-01
   3.0100000e+04   1.8947500e-01
   3.0200000e+04   1.8947500e-01
   3.0300000e+04   1.7748301e-01
   3.0400000e+04   1.4610368e-01
   3.0500000e+04   1.4610368e-01
   3.0600000e+04   1.4610368e-01
   3.0700000e+04   1.4610368e-01
   3.0800000e+04   1.4610368e-01
   3.0900000e+04   1.4606232e-01
   3.1000000e+04   1.3787708e-01
   3.1100000e+04   1.3787708e-01
   3.1200000e+04   1.3787708e-01
   3.1300000e+04   1.3598305e-01
   3.1400000e+04   1.2923680e-01
   3.1500000e+04   1.2874829e-01
   3.1600000e+04   1.2044691e-01
   3.1700000e+04   1.2044691e-01
   3.1800000e+04   1.2044691e-01
   3.1900000e+04   1.1584770e-01
   3.2000000e+04   1.0922235e-01
   3.2100000e+04   1.0819610e-01
   3.2200000e+04   1.0210532e-01
   3.2300000e+04   8.8236971e-02
   3.2400000e+04   8.3069609e-02
   3.2500000e+04   7.7428786e-02
   3.2600000e+04   7.7428786e-02
   3.2700000e+04   7.7428786e-02
   3.2800000e+04   7.4984242e-02
   3.2900000e+04   7.4404850e-02
   3.3000000e+04   7.3121269e-02
   3.3100000e+04   6.6023440e-02
   3.3200000e+04   6.4353627e-02
   3.3300000e+04   6.2784805e-02
   3.3400000e+04   5.9202255e-02
   3.3500000e+04   5.8148877e-02
   3.3600000e+04   5.8148877e-02
   3.3700000e+04   5.8148877e-02
   3.3800000e+04   5.7361815e-02
   3.3900000e+04   5.7361815e-02
   3.4000000e+04   5.5327409e-02
   3.4100000e+04   5.3356621e-02
   3.4200000e+04   5.1540798e-02
   3.4300000e+04   5.1540798e-02
   3.4400000e+04   5.1489984e-02
   3.4500000e+04   5.1489984e-02
   3.4600000e+04   5.1489984e-02
   3.4700000e+04   5.1364711e-02
   3.4800000e+04   4.6756322e-02
   3.4900000e+04   4.5970116e-02
   3.5000000e+04   4.5970116e-02
   3.5100000e+04   4.2556308e-02
   3.5200000e+04   4.2064184e-02
   3.5300000e+04   4.0683816e-02
   3.5400000e+04   3.6298099e-02
   3.5500000e+04   3.5544223e-02
   3.5600000e+04   3.3035327e-02
   3.5700000e+04   3.2588332e-02
   3.5800000e+04   3.1589715e-02
   3.5900000e+04   3.1060039e-02
   3.6000000e+04   2.9224567e-02
   3.6100000e+04   2.6487836e-02
   3.6200000e+04   2.6487836e-02
   3.6300000e+04   2.6487836e-02
   3.6400000e+04   2.6487836e-02
   3.6500000e+04   2.6487836e-02
   3.6600000e+04   2.5473318e-02
   3.6700000e+04   2.4277852e-02
   3.6800000e+04   2.2102500e-02
   3.6900000e+04   2.2102500e-02
   3.7000000e+04   2.1131349e-02
   3.7100000e+04   1.9887155e-02
   3.7200000e+04   1.8385919e-02
   3.7300000e+04   1.8296783e-02
   3.7400000e+04   1.7132965e-02
   3.7500000e+04   1.6518746e-02
   3.7600000e+04   1.5659575e-02
   3.7700000e+04   1.5522801e-02
   3.7800000e+04   1.4143455e-02
   3.7900000e+04   1.3980892e-02
   3.8000000e+04   1.3980892e-02
   3.8100000e+04   1.3980892e-02
   3.8200000e+04   1.3980892e-02
   3.8300000e+04   1.3577330e-02
   3.8400000e+04   1.3577330e-02
   3.8500000e+04   1.3366205e-02
   3.8600000e+04   1.2499749e-02
   3.8700000e+04   1.2458690e-02
   3.8800000e+04   1.2302327e-02
   3.8900000e+04   1.1893414e-02
   3.9000000e+04   1.1732513e-02
   3.9100000e+04   1.1597354e-02
   3.9200000e+04   1.1597354e-02
   3.9300000e+04   1.1557209e-02
   3.9400000e+04   1.0938453e-02
   3.9500000e+04   1.0809555e-02
   3.9600000e+04   1.0774718e-02
   3.9700000e+04   1.0597481e-02
   3.9800000e+04   1.0142332e-02
   3.9900000e+04   1.0142332e-02
   4.0000000e+04   1.0142332e-02
   4.0100000e+04   9.4848163e-03
   4.0200000e+04   9.2815850e-03
   4.0300000e+04   8.8252929e-03
   4.0400000e+04   8.8186125e-03
   4.0500000e+04   8.4371534e-03
   4.0600000e+04   8.2148868e-03
   4.0700000e+04   8.2148868e-03
   4.0800000e+04   8.1035227e-03
   4.0900000e+04   7.7530102e-03
   4.1000000e+04   7.5703011e-03
   4.1100000e+04   7.4709936e-03
   4.1200000e+04   7.2113960e-03
   4.1300000e+04   7.1839174e-03
   4.1400000e+04   6.9852636e-03
   4.1500000e+04   6.8556851e-03
   4.1600000e+04   6.6723741e-03
   4.1700000e+04   6.4523990e-03
   4.1800000e+04   6.3738675e-03
   4.1900000e+04   6.2902144e-03
   4.2000000e+04   5.8136709e-03
   4.2100000e+04   5.8136709e-03
   4.2200000e+04   5.7631259e-03
   4.2300000e+04   5.1955950e-03
   4.2400000e+04   5.0249187e-03
   4.2500000e+04   4.7079524e-03
   4.2600000e+04   4.7079524e-03
   4.2700000e+04   4.6548383e-03
   4.2800000e+04   4.3655706e-03
   4.2900000e+04   4.2008790e-03
   4.3000000e+04   3.5761322e-03
   4.3100000e+04   3.5479068e-03
   4.3200000e+04   3.3979899e-03
   4.3300000e+04   3.3770288e-03
   4.3400000e+04   3.2071287e-03
   4.3500000e+04   3.1823900e-03
   4.3600000e+04   3.0611565e-03
   4.3700000e+04   2.9355746e-03
   4.3800000e+04   2.8459212e-03
   4.3900000e+04   2.7462454e-03
   4.4000000e+04   2.5816796e-03
   4.4100000e+04   2.5816796e-03
   4.4200000e+04   2.5816796e-03
   4.4300000e+04   2.5816796e-03
   4.4400000e+04   2.5003198e-03
   4.4500000e+04   2.3987773e-03
   4.4600000e+04   2.3974817e-03
   4.4700000e+04   2.3774629e-03
   4.4800000e+04   2.2930265e-03
   4.4900000e+04   2.2930265e-03
   4.5000000e+04   2.2222727e-03
   4.5100000e+04   2.1995212e-03
   4.5200000e+04   2.1962835e-03
   4.5300000e+04   2.1684777e-03
   4.5400000e+04   2.1522650e-03
   4.5500000e+04   2.1243130e-03
   4.5600000e+04   2.0614571e-03
   4.5700000e+04   2.0165068e-03
   4.5800000e+04   1.9928584e-03
   4.5900000e+04   1.9928584e-03
   4.6000000e+04   1.9928584e-03
   4.6100000e+04   1.9901027e-03
   4.6200000e+04   1.9367779e-03
   4.6300000e+04   1.9245821e-03
   4.6400000e+04   1.9094966e-03
   4.6500000e+04   1.8546320e-03
   4.6600000e+04   1.8546320e-03
   4.6700000e+04   1.8546320e-03
   4.6800000e+04   1.8546320e-03
   4.6900000e+04   1.8305008e-03
   4.7000000e+04   1.8204200e-03
   4.7100000e+04   1.7998812e-03
   4.7200000e+04   1.7998812e-03
   4.7300000e+04   1.7806807e-03
   4.7400000e+04   1.7415277e-03
   4.7500000e+04   1.7402196e-03
   4.7600000e+04   1.7402196e-03
   4.7700000e+04   1.7355528e-03
   4.7800000e+04   1.7236806e-03
   4.7900000e+04   1.7188528e-03
   4.8000000e+04   1.6941328e-03
   4.8100000e+04   1.6941328e-03
   4.8200000e+04   1.6941328e-03
   4.8300000e+04   1.6869441e-03
   4.8400000e+04   1.6685792e-03
   4.8500000e+04   1.6600026e-03
   4.8600000e+04   1.6527513e-03
   4.8700000e+04   1.6451962e-03
   4.8800000e+04   1.6423888e-03
   4.8900000e+04   1.6423888e-03
   4.9000000e+04   1.6394818e-03
   4.9100000e+04   1.6383635e-03
   4.9200000e+04   1.6253809e-03
   4.9300000e+04   1.6209824e-03
   4.9400000e+04   1.6209824e-03
   4.9500000e+04   1.6209824e-03
   4.9600000e+04   1.6188447e-03
   4.9700000e+04   1.6109577e-03
   4.9800000e+04   1.6056949e-03
   4.9900000e+04   1.6045142e-03
   5.0000000e+04   1.5934874e-03
   5.0100000e+04   1.5934874e-03
   5.0200000e+04   1.5895626e-03
   5.0300000e+04   1.5849273e-03
   5.0400000e+04   1.5849273e-03
   5.0500000e+04   1.5849273e-03
   5.0600000e+04   1.5781650e-03
   5.0700000e+04   1.5762696e-03
   5.0800000e+04   1.5699194e-03
   5.0900000e+04   1.5693304e-03
   5.1000000e+04   1.5693304e-03
   5.1100000e+04   1.5693304e-03
   5.1200000e+04   1.5666347e-03
   5.1300000e+04   1.5595540e-03
   5.1400000e+04   1.5584217e-03
   5.1500000e+04   1.5526518e-03
   5.1600000e+04   1.5479825e-03
   5.1700000e+04   1.5381591e-03
   5.1800000e+04   1.5364140e-03
   5.1900000e+04   1.5326531e-03
   5.2000000e+04   1.5178965e-03
   5.2100000e+04   1.5114159e-03
   5.2200000e+04   1.5051948e-03
   5.2300000e+04   1.5051948e-03
   5.2400000e+04   1.5029756e-03
   5.2500000e+04   1.4993868e-03
   5.2600000e+04   1.4954825e-03
   5.2700000e+04   1.4881642e-03
   5.2800000e+04   1.4862747e-03
   5.2900000e+04   1.4851221e-03
   5.3000000e+04   1.4735204e-03
   5.3100000e+04   1.4621377e-03
   5.3200000e+04   1.4551900e-03
   5.3300000e+04   1.4501023e-03
   5.3400000e+04   1.4470967e-03
   5.3500000e+04   1.4397204e-03
   5.3600000e+04   1.4374546e-03
   5.3700000e+04   1.4295715e-03
   5.3800000e+04   1.4241000e-03
   5.3900000e+04   1.4046298e-03
   5.4000000e+04   1.4002223e-03
   5.4100000e+04   1.3889409e-03
   5.4200000e+04   1.3797437e-03
   5.4300000e+04   1.3715713e-03
   5.4400000e+04   1.3657115e-03
   5.4500000e+04   1.3630801e-03
   5.4600000e+04   1.3529490e-03
   5.4700000e+04   1.3321412e-03
   5.4800000e+04   1.3160399e-03
   5.4900000e+04   1.3017214e-03
   5.5000000e+04   1.2925557e-03
   5.5100000e+04   1.2814972e-03
   5.5200000e+04   1.2766167e-03
   5.5300000e+04   1.2339967e-03
   5.5400000e+04   1.2339967e-03
   5.5500000e+04   1.2272392e-03
   5.5600000e+04   1.2054505e-03
   5.5700000e+04   1.1946027e-03
   5.5800000e+04   1.1812414e-03
   5.5900000e+04   1.1766044e-03
   5.6000000e+04   1.1593345e-03
   5.6100000e+04   1.1442229e-03
   5.6200000e+04   1.1332332e-03
   5.6300000e+04   1.1265809e-03
   5.6400000e+04   1.1173778e-03
   5.6500000e+04   1.0927142e-03
   5.6600000e+04   1.0783595e-03
   5.6700000e+04   1.0619182e-03
   5.6800000e+04   1.0515460e-03
   5.6900000e+04   1.0406663e-03
   5.7000000e+04   1.0380066e-03
   5.7100000e+04   1.0235384e-03
   5.7200000e+04   1.0195603e-03
   5.7300000e+04   1.0141926e-03
   5.7400000e+04   1.0045961e-03
   5.7500000e+04   1.0000540e-03
   5.7600000e+04   1.0000009e-03
   5.7700000e+04   9.9023692e-04
   5.7800000e+04   9.7449916e-04
   5.7900000e+04   9.6570509e-04
   5.8000000e+04   9.6570509e-04
   5.8100000e+04   9.6069714e-04
   5.8200000e+04   9.5570885e-04
   5.8300000e+04   9.5570885e-04
   5.8400000e+04   9.5353755e-04
   5.8500000e+04   9.4701347e-04
   5.8600000e+04   9.3271940e-04
   5.8700000e+04   9.2924991e-04
   5.8800000e+04   9.2786588e-04
   5.8900000e+04   9.2160971e-04
   5.9000000e+04   9.2059611e-04
   5.9100000e+04   9.1472323e-04
   5.9200000e+04   9.0864039e-04
   5.9300000e+04   9.0598070e-04
   5.9400000e+04   9.0133606e-04
   5.9500000e+04   8.9744902e-04
   5.9600000e+04   8.9744902e-04
   5.9700000e+04   8.9488337e-04
   5.9800000e+04   8.9488337e-04
   5.9900000e+04   8.8730811e-04
   6.0000000e+04   8.8112690e-04
   6.0100000e+04   8.7533614e-04
   6.0200000e+04   8.7047500e-04
   6.0300000e+04   8.6757151e-04
   6.0400000e+04   8.5959975e-04
   6.0500000e+04   8.5771600e-04
   6.0600000e+04   8.5252543e-04
   6.0700000e+04   8.5087494e-04
   6.0800000e+04   8.5011342e-04
   6.0900000e+04   8.4920339e-04
   6.1000000e+04   8.4920339e-04
   6.1100000e+04   8.4830874e-04
   6.1200000e+04   8.4800308e-04
   6.1300000e+04   8.3782364e-04
   6.1400000e+04   8.3746534e-04
   6.1500000e+04   8.3746534e-04
   6.1600000e+04   8.3740453e-04
   6.1700000e+04   8.3740453e-04
   6.1800000e+04   8.3494716e-04
   6.1900000e+04   8.3494716e-04
   6.2000000e+04   8.3441881e-04
   6.2100000e+04   8.3252750e-04
   6.2200000e+04   8.2947609e-04
   6.2300000e+04   8.2854015e-04
   6.2400000e+04   8.2734690e-04
   6.2500000e+04   8.2421940e-04
   6.2600000e+04   8.2340109e-04
   6.2700000e+04   8.2247935e-04
   6.2800000e+04   8.2247935e-04
   6.2900000e+04   8.2247935e-04
   6.3000000e+04   8.2127510e-04
   6.3100000e+04   8.1990712e-04
   6.3200000e+04   8.1900705e-04
   6.3300000e+04   8.1700045e-04
   6.3400000e+04   8.1687110e-04
   6.3500000e+04   8.1576909e-04
   6.3600000e+04   8.1521660e-04
   6.3700000e+04   8.1384970e-04
   6.3800000e+04   8.1204729e-04
   6.3900000e+04   8.1200212e-04
   6.4000000e+04   8.1200212e-04
   6.4100000e+04   8.1120782e-04
   6.4200000e+04   8.1006637e-04
   6.4300000e+04   8.0872411e-04
   6.4400000e+04   8.0580063e-04
   6.4500000e+04   8.0482512e-04
   6.4600000e+04   8.0131629e-04
   6.4700000e+04   7.9929829e-04
   6.4800000e+04   7.9734128e-04
   6.4900000e+04   7.9510786e-04
   6.5000000e+04   7.9413678e-04
   6.5100000e+04   7.9413678e-04
   6.5200000e+04   7.9385339e-04
   6.5300000e+04   7.8869882e-04
   6.5400000e+04   7.8594717e-04
   6.5500000e+04   7.8504925e-04
   6.5600000e+04   7.8372223e-04
   6.5700000e+04   7.8051753e-04
   6.5800000e+04   7.7849201e-04
   6.5900000e+04   7.7711452e-04
   6.6000000e+04   7.7459752e-04
   6.6100000e+04   7.7361138e-04
   6.6200000e+04   7.7142067e-04
   6.6300000e+04   7.6905687e-04
   6.6400000e+04   7.6794651e-04
   6.6500000e+04   7.6561109e-04
   6.6600000e+04   7.6552680e-04
   6.6700000e+04   7.6366122e-04
   6.6800000e+04   7.6077325e-04
   6.6900000e+04   7.6077325e-04
   6.7000000e+04   7.5960236e-04
   6.7100000e+04   7.5795532e-04
   6.7200000e+04   7.5754392e-04
   6.7300000e+04   7.5533750e-04
   6.7400000e+04   7.5292337e-04
   6.7500000e+04   7.5173472e-04
   6.7600000e+04   7.5114649e-04
   6.7700000e+04   7.4586408e-04
   6.7800000e+04   7.4535872e-04
   6.7900000e+04   7.4275385e-04
   6.8000000e+04   7.3986483e-04
   6.8100000e+04   7.3828078e-04
   6.8200000e+04   7.3455979e-04
   6.8300000e+04   7.2890188e-04
   6.8400000e+04   7.2805882e-04
   6.8500000e+04   7.2791270e-04
   6.8600000e+04   7.2559503e-04
   6.8700000e+04   7.2526395e-04
   6.8800000e+04   7.2232647e-04
   6.8900000e+04   7.2232647e-04
   6.9000000e+04   7.2232647e-04
   6.9100000e+04   7.2106098e-04
   6.9200000e+04   7.2093066e-04
   6.9300000e+04   7.2021604e-04
   6.9400000e+04   7.1881110e-04
   6.9500000e+04   7.1745180e-04
   6.9600000e+04   7.1745180e-04
   6.9700000e+04   7.1584772e-04
   6.9800000e+04   7.1584772e-04
   6.9900000e+04   7.1584772e-04
   7.0000000e+04   7.1583135e-04
   7.0100000e+04   7.1583135e-04
   7.0200000e+04   7.1583135e-04
   7.0300000e+04   7.1553608e-04
   7.0400000e+04   7.1516721e-04
   7.0500000e+04   7.1402697e-04
   7.0600000e+04   7.1402620e-04
   7.0700000e+04   7.1402620e-04
   7.0800000e+04   7.1389817e-04
   7.0900000e+04   7.1353578e-04
   7.1000000e+04   7.1342037e-04
   7.1100000e+04   7.1342037e-04
   7.1200000e+04   7.1342037e-04
   7.1300000e+04   7.1309459e-04
   7.1400000e+04   7.1293627e-04
   7.1500000e+04   7.1272720e-04
   7.1600000e+04   7.1254390e-04
   7.1700000e+04   7.1254390e-04
   7.1800000e+04   7.1216057e-04
   7.1900000e+04   7.1215245e-04
   7.2000000e+04   7.1200842e-04
   7.2100000e+04   7.1165103e-04
   7.2200000e+04   7.1165103e-04
   7.2300000e+04   7.1165103e-04
   7.2400000e+04   7.1165103e-04
   7.2500000e+04   7.1160306e-04
   7.2600000e+04   7.1160306e-04
   7.2700000e+04   7.1160306e-04
   7.2800000e+04   7.1160306e-04
   7.2900000e+04   7.1157431e-04
   7.3000000e+04   7.1155352e-04
   7.3100000e+04   7.1140961e-04
   7.3200000e+04   7.1140786e-04
   7.3300000e+04   7.1135999e-04
   7.3400000e+04   7.1127491e-04
   7.3500000e+04   7.1122345e-04
   7.3600000e+04   7.1112288e-04
   7.3700000e+04   7.1106346e-04
   7.3800000e+04   7.1099977e-04
   7.3900000e+04   7.1089930e-04
   7.4000000e+04   7.1080566e-04
   7.4100000e+04   7.1080566e-04
   7.4200000e+04   7.1072846e-04
   7.4300000e+04   7.1068670e-04
   7.4400000e+04   7.1065055e-04
   7.4500000e+04   7.1052910e-04
   7.4600000e+04   7.1046867e-04
   7.4700000e+04   7.1041907e-04
   7.4800000e+04   7.1032735e-04
   7.4900000e+04   7.1030361e-04
   7.5000000e+04   7.1023289e-04
   7.5100000e+04   7.1011436e-04
   7.5200000e+04   7.0981048e-04
   7.5300000e+04   7.0979120e-04
   7.5400000e+04   7.0964411e-04
   7.5500000e+04   7.0948551e-04
   7.5600000e+04   7.0929257e-04
   7.5700000e+04   7.0899413e-04
   7.5800000e+04   7.0895302e-04
   7.5900000e+04   7.0881104e-04
   7.6000000e+04   7.0859092e-04
   7.6100000e+04   7.0836459e-04
   7.6200000e+04   7.0822941e-04
   7.6300000e+04   7.0809748e-04
   7.6400000e+04   7.0802502e-04
   7.6500000e+04   7.0789365e-04
   7.6600000e+04   7.0766213e-04
   7.6700000e+04   7.0750905e-04
   7.6800000e+04   7.0743038e-04
   7.6900000e+04   7.0722615e-04
   7.7000000e+04   7.0697495e-04
   7.7100000e+04   7.0681880e-04
   7.7200000e+04   7.0660547e-04
   7.7300000e+04   7.0631115e-04
   7.7400000e+04   7.0618905e-04
   7.7500000e+04   7.0613714e-04
   7.7600000e+04   7.0604956e-04
   7.7700000e+04   7.0577574e-04
   7.7800000e+04   7.0560095e-04
   7.7900000e+04   7.0545929e-04
   7.8000000e+04   7.0476004e-04
   7.8100000e+04   7.0466779e-04
   7.8200000e+04   7.0411555e-04
   7.8300000e+04   7.0381405e-04
   7.8400000e+04   7.0362893e-04
   7.8500000e+04   7.0320974e-04
   7.8600000e+04   7.0269186e-04
   7.8700000e+04   7.0254266e-04
   7.8800000e+04   7.0205674e-04
   7.8900000e+04   7.0164295e-04
   7.9000000e+04   7.0104144e-04
   7.9100000e+04   7.0085362e-04
   7.9200000e+04   7.0023846e-04
   7.9300000e+04   6.9944290e-04
   7.9400000e+04   6.9898694e-04
   7.9500000e+04   6.9851279e-04
   7.9600000e+04   6.9817326e-04
   7.9700000e+04   6.9749496e-04
   7.9800000e+04   6.9621536e-04
   7.9900000e+04   6.9561004e-04
   8.0000000e+04   6.9499231e-04
   8.0100000e+04   6.9380412e-04
   8.0200000e+04   6.9295073e-04
   8.0300000e+04   6.9271760e-04
   8.0400000e+04   6.9172255e-04
   8.0500000e+04   6.9068505e-04
   8.0600000e+04   6.8850945e-04
   8.0700000e+04   6.8753626e-04
   8.0800000e+04   6.8638505e-04
   8.0900000e+04   6.8568825e-04
   8.1000000e+04   6.8502854e-04
   8.1100000e+04   6.8498006e-04
   8.1200000e+04   6.8441891e-04
   8.1300000e+04   6.8312503e-04
   8.1400000e+04   6.8282279e-04
   8.1500000e+04   6.8226946e-04
   8.1600000e+04   6.8137018e-04
   8.1700000e+04   6.8130044e-04
   8.1800000e+04   6.8030227e-04
   8.1900000e+04   6.7909244e-04
   8.2000000e+04   6.7826194e-04
   8.2100000e+04   6.7673549e-04
   8.2200000e+04   6.7606763e-04
   8.2300000e+04   6.7495247e-04
   8.2400000e+04   6.7416712e-04
   8.2500000e+04   6.7220127e-04
   8.2600000e+04   6.7183797e-04
   8.2700000e+04   6.6975768e-04
   8.2800000e+04   6.6718367e-04
   8.2900000e+04   6.6659776e-04
   8.3000000e+04   6.6595458e-04
   8.3100000e+04   6.6490926e-04
   8.3200000e+04   6.6381482e-04
   8.3300000e+04   6.6292423e-04
   8.3400000e+04   6.6063376e-04
   8.3500000e+04   6.6015982e-04
   8.3600000e+04   6.5902891e-04
   8.3700000e+04   6.5840170e-04
   8.3800000e+04   6.5697347e-04
   8.3900000e+04   6.5574389e-04
   8.4000000e+04   6.5539836e-04
   8.4100000e+04   6.5413277e-04
   8.4200000e+04   6.5298022e-04
   8.4300000e+04   6.5042361e-04
   8.4400000e+04   6.4918482e-04
   8.4500000e+04   6.4730757e-04
   8.4600000e+04   6.4730757e-04
   8.4700000e+04   6.4555665e-04
   8.4800000e+04   6.4312903e-04
   8.4900000e+04   6.4167424e-04
   8.5000000e+04   6.4049096e-04
   8.5100000e+04   6.3833529e-04
   8.5200000e+04   6.3715286e-04
   8.5300000e+04   6.3473806e-04
   8.5400000e+04   6.3096221e-04
   8.5500000e+04   6.2741321e-04
   8.5600000e+04   6.2566030e-04
   8.5700000e+04   6.2350885e-04
   8.5800000e+04   6.2268286e-04
   8.5900000e+04   6.1906617e-04
   8.6000000e+04   6.1874993e-04
   8.6100000e+04   6.1590060e-04
   8.6200000e+04   6.1590060e-04
   8.6300000e+04   6.1452484e-04
   8.6400000e+04   6.1430626e-04
   8.6500000e+04   6.1248978e-04
   8.6600000e+04   6.0926444e-04
   8.6700000e+04   6.0926444e-04
   8.6800000e+04   6.0381839e-04
   8.6900000e+04   6.0351207e-04
   8.7000000e+04   5.9963804e-04
   8.7100000e+04   5.9834543e-04
   8.7200000e+04   5.9803497e-04
   8.7300000e+04   5.9431085e-04
   8.7400000e+04   5.9144916e-04
   8.7500000e+04   5.8877170e-04
   8.7600000e+04   5.8684054e-04
   8.7700000e+04   5.8441260e-04
   8.7800000e+04   5.8268812e-04
   8.7900000e+04   5.8127634e-04
   8.8000000e+04   5.7876333e-04
   8.8100000e+04   5.7720220e-04
   8.8200000e+04   5.7437543e-04
   8.8300000e+04   5.7289098e-04
   8.8400000e+04   5.7150942e-04
   8.8500000e+04   5.6995068e-04
   8.8600000e+04   5.6948923e-04
   8.8700000e+04   5.6806432e-04
   8.8800000e+04   5.6330012e-04
   8.8900000e+04   5.6218563e-04
   8.9000000e+04   5.5760208e-04
   8.9100000e+04   5.5506540e-04
   8.9200000e+04   5.5301146e-04
   8.9300000e+04   5.5042183e-04
   8.9400000e+04   5.4862076e-04
   8.9500000e+04   5.4507679e-04
   8.9600000e+04   5.3859528e-04
   8.9700000e+04   5.3771479e-04
   8.9800000e+04   5.3348250e-04
   8.9900000e+04   5.3348250e-04
   9.0000000e+04   5.2924527e-04
   9.0100000e+04   5.2625530e-04
   9.0200000e+04   5.2383232e-04
   9.0300000e+04   5.2121035e-04
   9.0400000e+04   5.1692058e-04
   9.0500000e+04   5.1442142e-04
   9.0600000e+04   5.1127345e-04
   9.0700000e+04   5.0988864e-04
   9.0800000e+04   5.0866902e-04
   9.0900000e+04   5.0659511e-04
   9.1000000e+04   5.0506947e-04
   9.1100000e+04   5.0378911e-04
   9.1200000e+04   5.0045159e-04
   9.1300000e+04   4.9843814e-04
   9.1400000e+04   4.9616888e-04
   9.1500000e+04   4.9616888e-04
   9.1600000e+04   4.9434382e-04
   9.1700000e+04   4.9396347e-04
   9.1800000e+04   4.9186785e-04
   9.1900000e+04   4.9068687e-04
   9.2000000e+04   4.8852954e-04
   9.2100000e+04   4.8852954e-04
   9.2200000e+04   4.8658774e-04
   9.2300000e+04   4.8175288e-04
   9.2400000e+04   4.8108755e-04
   9.2500000e+04   4.7990665e-04
   9.2600000e+04   4.7901900e-04
   9.2700000e+04   4.7841807e-04
   9.2800000e+04   4.7624957e-04
   9.2900000e+04   4.7364345e-04
   9.3000000e+04   4.7207239e-04
   9.3100000e+04   4.6680641e-04
   9.3200000e+04   4.6478178e-04
   9.3300000e+04   4.6248060e-04
   9.3400000e+04   4.6054108e-04
   9.3500000e+04   4.5802051e-04
   9.3600000e+04   4.5597620e-04
   9.3700000e+04   4.5484058e-04
   9.3800000e+04   4.5294973e-04
   9.3900000e+04   4.5252710e-04
   9.4000000e+04   4.5206761e-04
   9.4100000e+04   4.4975134e-04
   9.4200000e+04   4.4808579e-04
   9.4300000e+04   4.4533004e-04
   9.4400000e+04   4.4338766e-04
   9.4500000e+04   4.4275639e-04
   9.4600000e+04   4.4253462e-04
   9.4700000e+04   4.4021006e-04
   9.4800000e+04   4.3890919e-04
   9.4900000e+04   4.3844237e-04
   9.5000000e+04   4.3833513e-04
   9.5100000e+04   4.3741905e-04
   9.5200000e+04   4.3741905e-04
   9.5300000e+04   4.3689076e-04
   9.5400000e+04   4.3395422e-04
   9.5500000e+04   4.3309261e-04
   9.5600000e+04   4.3309261e-04
   9.5700000e+04   4.3309261e-04
   9.5800000e+04   4.3309261e-04
   9.5900000e+04   4.3283478e-04
   9.6000000e+04   4.3155809e-04
   9.6100000e+04   4.3155809e-04
   9.6200000e+04   4.3136351e-04
   9.6300000e+04   4.3042696e-04
   9.6400000e+04   4.3034484e-04
   9.6500000e+04   4.3018660e-04
   9.6600000e+04   4.2997532e-04
   9.6700000e+04   4.2997532e-04
   9.6800000e+04   4.2890199e-04
   9.6900000e+04   4.2858269e-04
   9.7000000e+04   4.2858269e-04
   9.7100000e+04   4.2832889e-04
   9.7200000e+04   4.2832889e-04
   9.7300000e+04   4.2786291e-04
   9.7400000e+04   4.2786291e-04
   9.7500000e+04   4.2786291e-04
   9.7600000e+04   4.2786291e-04
   9.7700000e+04   4.2696822e-04
   9.7800000e+04   4.2642415e-04
   9.7900000e+04   4.2625436e-04
   9.8000000e+04   4.2576498e-04
   9.8100000e+04   4.2548285e-04
   9.8200000e+04   4.2508518e-04
   9.8300000e+04   4.2491767e-04
   9.8400000e+04   4.2483953e-04
   9.8500000e+04   4.2471624e-04
   9.8600000e+04   4.2405896e-04
   9.8700000e+04   4.2366718e-04
   9.8800000e+04   4.2344322e-04
   9.8900000e+04   4.2285296e-04
   9.9000000e+04   4.2270874e-04
   9.9100000e+04   4.2224089e-04
   9.9200000e+04   4.2209180e-04
   9.9300000e+04   4.2194547e-04
   9.9400000e+04   4.2168443e-04
   9.9500000e+04   4.2143932e-04
   9.9600000e+04   4.2112102e-04
   9.9700000e+04   4.2112102e-04
   9.9800000e+04   4.2067529e-04
   9.9900000e+04   4.2056882e-04
   1.0000000e+05   4.2014375e-04
   1.0000000e+05   4.2014375e-04
