   4.1012416e+02   1.0000000e+05   2.0872787e+01   4.1300234e+01   1.9800303e+01   9.9670385e+00   0.0000000e+00   0.0000000e+00   0.0000000e+00   0.0000000e+00
   4.3288535e+01   1.0000000e+05   3.6595812e+01   9.2637486e+00   1.7876664e+01   1.5340978e+01   0.0000000e+00   0.0000000e+00   0.0000000e+00   0.0000000e+00
   4.3225294e+01   1.0000000e+05   1.2507627e+01   7.2793879e+01   1.1784471e+01   1.8023683e+01   0.0000000e+00   0.0000000e+00   0.0000000e+00   0.0000000e+00
   2.6258921e+00   1.0000000e+05   1.2229066e+01   4.2802707e+01   5.1204625e+00   1.6589585e+01   0.0000000e+00   0.0000000e+00   0.0000000e+00   0.0000000e+00
   7.1081252e+01   1.0000000e+05   1.2298707e+01   6.9607656e+00   4.0660207e-01   1.2836879e+01   0.0000000e+00   0.0000000e+00   0.0000000e+00   0.0000000e+00
   5.2455420e+01   1.0000000e+05   1.4393050e+01   1.2414044e+00   7.2717781e-01   7.3352778e+00   0.0000000e+00   0.0000000e+00   0.0000000e+00   0.0000000e+00
   9.6752560e+00   1.0000000e+05   2.4322048e+01   1.5305470e+01   5.0057534e+00   3.0968809e+00   0.0000000e+00   0.0000000e+00   0.0000000e+00   0.0000000e+00
   8.2797416e+02   1.0000000e+05   1.7870944e+01   1.4683336e+01   1.1860297e+01   1.8561384e+00   0.0000000e+00   0.0000000e+00   0.0000000e+00   0.0000000e+00
   1.8980167e+01   1.0000000e+05   1.5675762e+01   3.1834274e+00   1.7589130e+01   4.8428710e+00   0.0000000e+00   0.0000000e+00   0.0000000e+00   0.0000000e+00
   8.2819476e+02   1.0000000e+05   1.4365329e+01   3.1556054e+00   1.9800051e+01   9.9622735e+00   0.0000000e+00   0.0000000e+00   0.0000000e+00   0.0000000e+00
   1.6765648e+01   1.0000000e+05   1.4273427e+01   3.8621079e+00   0.0000000e+00   0.0000000e+00   0.0000000e+00   0.0000000e+00   0.0000000e+00   0.0000000e+00
   2.1533156e+00   1.0000000e+05   1.3854893e+01   4.6327586e+00   0.0000000e+00   0.0000000e+00   0.0000000e+00   0.0000000e+00   0.0000000e+00   0.0000000e+00
   4.6523257e+01   1.0000000e+05   1.3929012e+01   5.3273744e+00   0.0000000e+00   0.0000000e+00   0.0000000e+00   0.0000000e+00   0.0000000e+00   0.0000000e+00
   8.6894336e+01   1.0000000e+05   1.4830373e+01   6.0138412e+00   0.0000000e+00   0.0000000e+00   0.0000000e+00   0.0000000e+00   0.0000000e+00   0.0000000e+00
   3.0057044e+02   1.0000000e+05   1.6517940e+02   4.5386123e-01   0.0000000e+00   0.0000000e+00   0.0000000e+00   0.0000000e+00   0.0000000e+00   0.0000000e+00
   7.5075019e+01   1.0000000e+05   2.5345012e+01   1.0808289e+00   0.0000000e+00   0.0000000e+00   0.0000000e+00   0.0000000e+00   0.0000000e+00   0.0000000e+00
   1.1084607e+02   1.0000000e+05   2.5979460e+01   1.7972805e+00   0.0000000e+00   0.0000000e+00   0.0000000e+00   0.0000000e+00   0.0000000e+00   0.0000000e+00
   2.1890865e+01   1.0000000e+05   2.1194197e+01   2.4996946e+00   0.0000000e+00   0.0000000e+00   0.0000000e+00   0.0000000e+00   0.0000000e+00   0.0000000e+00
   2.4465678e+02   1.0000000e+05   1.8643281e+01   3.1550369e+00   0.0000000e+00   0.0000000e+00   0.0000000e+00   0.0000000e+00   0.0000000e+00   0.0000000e+00
   4.6952214e+02   1.0000000e+05   2.1012813e+01   0.0000000e+00   0.0000000e+00   0.0000000e+00   0.0000000e+00   0.0000000e+00   0.0000000e+00   0.0000000e+00
   1.1912148e+02   1.0000000e+05   1.4511177e+01   0.0000000e+00   0.0000000e+00   0.0000000e+00   0.0000000e+00   0.0000000e+00   0.0000000e+00   0.0000000e+00
   2.5355670e+02   1.0000000e+05   1.2978573e+01   0.0000000e+00   0.0000000e+00   0.0000000e+00   0.0000000e+00   0.0000000e+00   0.0000000e+00   0.0000000e+00
   6.6959519e+01   1.0000000e+05   1.3855378e+01   0.0000000e+00   0.0000000e+00   0.0000000e+00   0.0000000e+00   0.0000000e+00   0.0000000e+00   0.0000000e+00
   1.7854607e+02   1.0000000e+05   1.3463717e+01   0.0000000e+00   0.0000000e+00   0.0000000e+00   0.0000000e+00   0.0000000e+00   0.0000000e+00   0.0000000e+00
   1.4972004e+01   1.0000000e+05   1.2570744e+01   0.0000000e+00   0.0000000e+00   0.0000000e+00   0.0000000e+00   0.0000000e+00   0.0000000e+00   0.0000000e+00
   1.9325801e+02   1.0000000e+05   1.3309744e+01   0.0000000e+00   0.0000000e+00   0.0000000e+00   0.0000000e+00   0.0000000e+00   0.0000000e+00   0.0000000e+00
   7.8604191e-01   1.0000000e+05   1.3188154e+01   0.0000000e+00   0.0000000e+00   0.0000000e+00   0.0000000e+00   0.0000000e+00   0.0000000e+00   0.0000000e+00
   1.2125954e+02   1.0000000e+05   1.3174287e+01   0.0000000e+00   0.0000000e+00   0.0000000e+00   0.0000000e+00   0.0000000e+00   0.0000000e+00   0.0000000e+00
   4.5383588e+01   1.0000000e+05   1.3390313e+01   0.0000000e+00   0.0000000e+00   0.0000000e+00   0.0000000e+00   0.0000000e+00   0.0000000e+00   0.0000000e+00
   3.2045177e+02   1.0000000e+05   1.3967497e+01   0.0000000e+00   0.0000000e+00   0.0000000e+00   0.0000000e+00   0.0000000e+00   0.0000000e+00   0.0000000e+00
   3.1510532e+01   1.0000000e+05   1.3150440e+01   0.0000000e+00   0.0000000e+00   0.0000000e+00   0.0000000e+00   0.0000000e+00   0.0000000e+00   0.0000000e+00
   5.1102548e+01   1.0000000e+05   1.3319006e+01   0.0000000e+00   0.0000000e+00   0.0000000e+00   0.0000000e+00   0.0000000e+00   0.0000000e+00   0.0000000e+00
   1.8120360e+01   1.0000000e+05   1.3095310e+01   0.0000000e+00   0.0000000e+00   0.0000000e+00   0.0000000e+00   0.0000000e+00   0.0000000e+00   0.0000000e+00
   6.9007536e+01   1.0000000e+05   1.3003896e+01   0.0000000e+00   0.0000000e+00   0.0000000e+00   0.0000000e+00   0.0000000e+00   0.0000000e+00   0.0000000e+00
   3.7669233e+02   1.0000000e+05   1.4137445e+01   0.0000000e+00   0.0000000e+00   0.0000000e+00   0.0000000e+00   0.0000000e+00   0.0000000e+00   0.0000000e+00
   9.6811412e+01   1.0000000e+05   1.2918078e+01   0.0000000e+00   0.0000000e+00   0.0000000e+00   0.0000000e+00   0.0000000e+00   0.0000000e+00   0.0000000e+00
   5.3231677e+01   1.0000000e+05   1.3418405e+01   0.0000000e+00   0.0000000e+00   0.0000000e+00   0.0000000e+00   0.0000000e+00   0.0000000e+00   0.0000000e+00
   7.0611822e+01   1.0000000e+05   1.2638454e+01   0.0000000e+00   0.0000000e+00   0.0000000e+00   0.0000000e+00   0.0000000e+00   0.0000000e+00   0.0000000e+00
   5.2570715e+01   1.0000000e+05   1.1765976e+01   0.0000000e+00   0.0000000e+00   0.0000000e+00   0.0000000e+00   0.0000000e+00   0.0000000e+00   0.0000000e+00
   3.3076934e+01   1.0000000e+05   1.1752422e+01   0.0000000e+00   0.0000000e+00   0.0000000e+00   0.0000000e+00   0.0000000e+00   0.0000000e+00   0.0000000e+00
   4.8282320e+01   1.0000000e+05   1.2033855e+01   0.0000000e+00   0.0000000e+00   0.0000000e+00   0.0000000e+00   0.0000000e+00   0.0000000e+00   0.0000000e+00
   2.3110328e+02   1.0000000e+05   1.2771824e+01   0.0000000e+00   0.0000000e+00   0.0000000e+00   0.0000000e+00   0.0000000e+00   0.0000000e+00   0.0000000e+00
   1.2523902e+01   1.0000000e+05   1.1455283e+01   0.0000000e+00   0.0000000e+00   0.0000000e+00   0.0000000e+00   0.0000000e+00   0.0000000e+00   0.0000000e+00
   6.1621949e+01   1.0000000e+05   1.2139597e+01   0.0000000e+00   0.0000000e+00   0.0000000e+00   0.0000000e+00   0.0000000e+00   0.0000000e+00   0.0000000e+00
   1.4489992e+02   1.0000000e+05   1.2159791e+01   0.0000000e+00   0.0000000e+00   0.0000000e+00   0.0000000e+00   0.0000000e+00   0.0000000e+00   0.0000000e+00
   8.4858617e+00   1.0000000e+05   1.2064842e+01   0.0000000e+00   0.0000000e+00   0.0000000e+00   0.0000000e+00   0.0000000e+00   0.0000000e+00   0.0000000e+00
   4.8257144e-01   1.0000000e+05   1.2072967e+01   0.0000000e+00   0.0000000e+00   0.0000000e+00   0.0000000e+00   0.0000000e+00   0.0000000e+00   0.0000000e+00
   3.8101131e+01   1.0000000e+05   1.3105047e+01   0.0000000e+00   0.0000000e+00   0.0000000e+00   0.0000000e+00   0.0000000e+00   0.0000000e+00   0.0000000e+00
   5.1352112e+02   1.0000000e+05   1.2768045e+01   0.0000000e+00   0.0000000e+00   0.0000000e+00   0.0000000e+00   0.0000000e+00   0.0000000e+00   0.0000000e+00
   1.5371470e+01   1.0000000e+05   1.2891195e+01   0.0000000e+00   0.0000000e+00   0.0000000e+00   0.0000000e+00   0.0000000e+00   0.0000000e+00   0.0000000e+00
   4.8257144e-01   0.0000000e+00   0.0000000e+00   0.0000000e+00   0.0000000e+00   0.0000000e+00   0.0000000e+00   0.0000000e+00   0.0000000e+00   0.0000000e+00
   1.0000000e+05   0.0000000e+00   0.0000000e+00   0.0000000e+00   0.0000000e+00   0.0000000e+00   0.0000000e+00   0.0000000e+00   0.0000000e+00   0.0000000e+00
   8.2819476e+02   0.0000000e+00   0.0000000e+00   0.0000000e+00   0.0000000e+00   0.0000000e+00   0.0000000e+00   0.0000000e+00   0.0000000e+00   0.0000000e+00
   1.3847894e+02   0.0000000e+00   0.0000000e+00   0.0000000e+00   0.0000000e+00   0.0000000e+00   0.0000000e+00   0.0000000e+00   0.0000000e+00   0.0000000e+00
   1.9067844e+02   0.0000000e+00   0.0000000e+00   0.0000000e+00   0.0000000e+00   0.0000000e+00   0.0000000e+00   0.0000000e+00   0.0000000e+00   0.0000000e+00
