   1.1791066e-01   1.0000000e+05   2.7247387e+01   7.3449477e+01   1.9986951e+01   1.0000604e+01   0.0000000e+00   0.0000000e+00   0.0000000e+00   0.0000000e+00
   1.7175877e-01   1.0000000e+05   3.2245428e+01   8.3019102e+00   1.7675906e+01   1.5157268e+01   0.0000000e+00   0.0000000e+00   0.0000000e+00   0.0000000e+00
   2.6350143e-01   1.0000000e+05   1.4886284e+01   5.2431198e+01   1.1737267e+01   1.7874275e+01   0.0000000e+00   0.0000000e+00   0.0000000e+00   0.0000000e+00
   7.9751204e-02   1.0000000e+05   1.0895020e+01   3.5002111e+01   5.0026866e+00   1.6920108e+01   0.0000000e+00   0.0000000e+00   0.0000000e+00   0.0000000e+00
   1.5845218e+00   1.0000000e+05   1.0874484e+01  -1.0539431e+01   6.0646334e-01   1.2734588e+01   0.0000000e+00   0.0000000e+00   0.0000000e+00   0.0000000e+00
   5.2147590e+00   1.0000000e+05   1.0632492e+01   4.5542557e+00   5.8463412e-01   7.2563305e+00   0.0000000e+00   0.0000000e+00   0.0000000e+00   0.0000000e+00
   3.5458836e-02   1.0000000e+05   1.1462485e+01   5.9241807e+00   5.0101061e+00   3.0953016e+00   0.0000000e+00   0.0000000e+00   0.0000000e+00   0.0000000e+00
   5.2763000e-03   1.0000000e+05   1.2431818e+01  -6.0752951e-01   1.1736158e+01   2.1157025e+00   0.0000000e+00   0.0000000e+00   0.0000000e+00   0.0000000e+00
   9.9401872e-01   1.0000000e+05   1.1926133e+01   4.3045025e+00   1.7672428e+01   4.8445417e+00   0.0000000e+00   0.0000000e+00   0.0000000e+00   0.0000000e+00
   5.2112080e+00   1.0000000e+05   1.6760369e+01   2.0623267e+00   1.9986948e+01   1.0000038e+01   0.0000000e+00   0.0000000e+00   0.0000000e+00   0.0000000e+00
   1.5997560e-02   1.0000000e+05   1.1836035e+01   2.7790775e+00   0.0000000e+00   0.0000000e+00   0.0000000e+00   0.0000000e+00   0.0000000e+00   0.0000000e+00
   2.9484263e-02   1.0000000e+05   1.3232302e+01   3.4847400e+00   0.0000000e+00   0.0000000e+00   0.0000000e+00   0.0000000e+00   0.0000000e+00   0.0000000e+00
   2.3369647e-03   1.0000000e+05   1.0371757e+01   4.1731807e+00   0.0000000e+00   0.0000000e+00   0.0000000e+00   0.0000000e+00   0.0000000e+00   0.0000000e+00
   3.9040632e-02   1.0000000e+05   9.7444844e+00   4.8544466e+00   0.0000000e+00   0.0000000e+00   0.0000000e+00   0.0000000e+00   0.0000000e+00   0.0000000e+00
   3.3221708e-02   1.0000000e+05   1.0159295e+01   5.5419381e+00   0.0000000e+00   0.0000000e+00   0.0000000e+00   0.0000000e+00   0.0000000e+00   0.0000000e+00
   2.7301493e-01   1.0000000e+05   1.7137128e+01   6.2310760e+00   0.0000000e+00   0.0000000e+00   0.0000000e+00   0.0000000e+00   0.0000000e+00   0.0000000e+00
   4.0489297e+00   1.0000000e+05   1.3914266e+01   6.4096632e-01   0.0000000e+00   0.0000000e+00   0.0000000e+00   0.0000000e+00   0.0000000e+00   0.0000000e+00
   3.1196464e-01   1.0000000e+05   1.2415824e+01   1.3516693e+00   0.0000000e+00   0.0000000e+00   0.0000000e+00   0.0000000e+00   0.0000000e+00   0.0000000e+00
   4.7597792e-02   1.0000000e+05   1.6381023e+01   2.0622545e+00   0.0000000e+00   0.0000000e+00   0.0000000e+00   0.0000000e+00   0.0000000e+00   0.0000000e+00
   2.5731649e-02   1.0000000e+05   1.4487278e+01   0.0000000e+00   0.0000000e+00   0.0000000e+00   0.0000000e+00   0.0000000e+00   0.0000000e+00   0.0000000e+00
   3.3451720e-02   1.0000000e+05   1.2153427e+01   0.0000000e+00   0.0000000e+00   0.0000000e+00   0.0000000e+00   0.0000000e+00   0.0000000e+00   0.0000000e+00
   3.3124913e-02   1.0000000e+05   1.1812379e+01   0.0000000e+00   0.0000000e+00   0.0000000e+00   0.0000000e+00   0.0000000e+00   0.0000000e+00   0.0000000e+00
   3.2828578e-03   1.0000000e+05   1.1859017e+01   0.0000000e+00   0.0000000e+00   0.0000000e+00   0.0000000e+00   0.0000000e+00   0.0000000e+00   0.0000000e+00
   2.2106049e-02   1.0000000e+05   1.2754142e+01   0.0000000e+00   0.0000000e+00   0.0000000e+00   0.0000000e+00   0.0000000e+00   0.0000000e+00   0.0000000e+00
   3.6648703e-02   1.0000000e+05   1.0687449e+01   0.0000000e+00   0.0000000e+00   0.0000000e+00   0.0000000e+00   0.0000000e+00   0.0000000e+00   0.0000000e+00
   3.3515224e-02   1.0000000e+05   1.3706287e+01   0.0000000e+00   0.0000000e+00   0.0000000e+00   0.0000000e+00   0.0000000e+00   0.0000000e+00   0.0000000e+00
   6.3193853e-02   1.0000000e+05   1.7777767e+01   0.0000000e+00   0.0000000e+00   0.0000000e+00   0.0000000e+00   0.0000000e+00   0.0000000e+00   0.0000000e+00
   1.2529242e+01   1.0000000e+05   1.9037215e+01   0.0000000e+00   0.0000000e+00   0.0000000e+00   0.0000000e+00   0.0000000e+00   0.0000000e+00   0.0000000e+00
   5.5277790e-02   1.0000000e+05   1.2445652e+01   0.0000000e+00   0.0000000e+00   0.0000000e+00   0.0000000e+00   0.0000000e+00   0.0000000e+00   0.0000000e+00
   3.4385993e-02   1.0000000e+05   1.2151306e+01   0.0000000e+00   0.0000000e+00   0.0000000e+00   0.0000000e+00   0.0000000e+00   0.0000000e+00   0.0000000e+00
   1.0691726e-02   1.0000000e+05   1.1743214e+01   0.0000000e+00   0.0000000e+00   0.0000000e+00   0.0000000e+00   0.0000000e+00   0.0000000e+00   0.0000000e+00
   4.0460831e-02   1.0000000e+05   1.5458828e+01   0.0000000e+00   0.0000000e+00   0.0000000e+00   0.0000000e+00   0.0000000e+00   0.0000000e+00   0.0000000e+00
   3.1640013e-02   1.0000000e+05   2.5243638e+01   0.0000000e+00   0.0000000e+00   0.0000000e+00   0.0000000e+00   0.0000000e+00   0.0000000e+00   0.0000000e+00
   1.6545999e+00   1.0000000e+05   1.4989966e+01   0.0000000e+00   0.0000000e+00   0.0000000e+00   0.0000000e+00   0.0000000e+00   0.0000000e+00   0.0000000e+00
   2.0815404e-02   1.0000000e+05   1.5044642e+01   0.0000000e+00   0.0000000e+00   0.0000000e+00   0.0000000e+00   0.0000000e+00   0.0000000e+00   0.0000000e+00
   5.4672688e-02   1.0000000e+05   1.4760023e+01   0.0000000e+00   0.0000000e+00   0.0000000e+00   0.0000000e+00   0.0000000e+00   0.0000000e+00   0.0000000e+00
   1.7157810e-01   1.0000000e+05   1.7761349e+01   0.0000000e+00   0.0000000e+00   0.0000000e+00   0.0000000e+00   0.0000000e+00   0.0000000e+00   0.0000000e+00
   1.0652620e+00   1.0000000e+05   1.4806145e+01   0.0000000e+00   0.0000000e+00   0.0000000e+00   0.0000000e+00   0.0000000e+00   0.0000000e+00   0.0000000e+00
   2.7608215e-02   1.0000000e+05   1.4369848e+01   0.0000000e+00   0.0000000e+00   0.0000000e+00   0.0000000e+00   0.0000000e+00   0.0000000e+00   0.0000000e+00
   6.3621751e-02   1.0000000e+05   1.4586954e+01   0.0000000e+00   0.0000000e+00   0.0000000e+00   0.0000000e+00   0.0000000e+00   0.0000000e+00   0.0000000e+00
   1.5803724e-02   1.0000000e+05   1.4602166e+01   0.0000000e+00   0.0000000e+00   0.0000000e+00   0.0000000e+00   0.0000000e+00   0.0000000e+00   0.0000000e+00
   5.3327681e-02   1.0000000e+05   1.6357137e+02   0.0000000e+00   0.0000000e+00   0.0000000e+00   0.0000000e+00   0.0000000e+00   0.0000000e+00   0.0000000e+00
   4.6822698e-02   1.0000000e+05   1.8097493e+01   0.0000000e+00   0.0000000e+00   0.0000000e+00   0.0000000e+00   0.0000000e+00   0.0000000e+00   0.0000000e+00
   5.1647752e-02   1.0000000e+05   2.5033790e+01   0.0000000e+00   0.0000000e+00   0.0000000e+00   0.0000000e+00   0.0000000e+00   0.0000000e+00   0.0000000e+00
   8.2660773e-03   1.0000000e+05   2.6915321e+01   0.0000000e+00   0.0000000e+00   0.0000000e+00   0.0000000e+00   0.0000000e+00   0.0000000e+00   0.0000000e+00
   1.6077590e+00   1.0000000e+05   1.8281238e+01   0.0000000e+00   0.0000000e+00   0.0000000e+00   0.0000000e+00   0.0000000e+00   0.0000000e+00   0.0000000e+00
   8.5249964e-03   1.0000000e+05   1.9991432e+01   0.0000000e+00   0.0000000e+00   0.0000000e+00   0.0000000e+00   0.0000000e+00   0.0000000e+00   0.0000000e+00
   4.5952379e-02   1.0000000e+05   1.8247704e+01   0.0000000e+00   0.0000000e+00   0.0000000e+00   0.0000000e+00   0.0000000e+00   0.0000000e+00   0.0000000e+00
   3.7478982e-02   1.0000000e+05   2.0684921e+01   0.0000000e+00   0.0000000e+00   0.0000000e+00   0.0000000e+00   0.0000000e+00   0.0000000e+00   0.0000000e+00
   1.5637747e-01   1.0000000e+05   1.5685625e+01   0.0000000e+00   0.0000000e+00   0.0000000e+00   0.0000000e+00   0.0000000e+00   0.0000000e+00   0.0000000e+00
   2.3369647e-03   0.0000000e+00   0.0000000e+00   0.0000000e+00   0.0000000e+00   0.0000000e+00   0.0000000e+00   0.0000000e+00   0.0000000e+00   0.0000000e+00
   1.0000000e+05   0.0000000e+00   0.0000000e+00   0.0000000e+00   0.0000000e+00   0.0000000e+00   0.0000000e+00   0.0000000e+00   0.0000000e+00   0.0000000e+00
   1.2529242e+01   0.0000000e+00   0.0000000e+00   0.0000000e+00   0.0000000e+00   0.0000000e+00   0.0000000e+00   0.0000000e+00   0.0000000e+00   0.0000000e+00
   7.3045251e-01   0.0000000e+00   0.0000000e+00   0.0000000e+00   0.0000000e+00   0.0000000e+00   0.0000000e+00   0.0000000e+00   0.0000000e+00   0.0000000e+00
   2.0770524e+00   0.0000000e+00   0.0000000e+00   0.0000000e+00   0.0000000e+00   0.0000000e+00   0.0000000e+00   0.0000000e+00   0.0000000e+00   0.0000000e+00
