   5.0000000e+01   1.7453851e+03
   1.0000000e+02   9.9753944e+02
   1.5000000e+02   8.6487934e+02
   2.0000000e+02   6.3550316e+02
   2.5000000e+02   6.3550316e+02
   3.0000000e+02   6.3550316e+02
   3.5000000e+02   6.3550316e+02
   4.0000000e+02   6.3550316e+02
   4.5000000e+02   6.3550316e+02
   5.0000000e+02   6.3550316e+02
   5.5000000e+02   6.3550316e+02
   6.0000000e+02   6.3550316e+02
   6.5000000e+02   6.3550316e+02
   7.0000000e+02   6.3550316e+02
   7.5000000e+02   6.3550316e+02
   8.0000000e+02   5.8934533e+02
   8.5000000e+02   4.6147082e+02
   9.0000000e+02   4.6147082e+02
   9.5000000e+02   4.6147082e+02
   1.0000000e+03   4.6147082e+02
   1.0500000e+03   4.6147082e+02
   1.1000000e+03   4.2126045e+02
   1.1500000e+03   4.2126045e+02
   1.2000000e+03   4.2126045e+02
   1.2500000e+03   3.9918500e+02
   1.3000000e+03   3.9918500e+02
   1.3500000e+03   3.9918500e+02
   1.4000000e+03   3.9918500e+02
   1.4500000e+03   3.0480863e+02
   1.5000000e+03   3.0480863e+02
   1.5500000e+03   3.0480863e+02
   1.6000000e+03   2.9959482e+02
   1.6500000e+03   2.8021931e+02
   1.7000000e+03   2.6903748e+02
   1.7500000e+03   2.3696242e+02
   1.8000000e+03   2.2523209e+02
   1.8500000e+03   2.2523209e+02
   1.9000000e+03   2.2523209e+02
   1.9500000e+03   1.9030145e+02
   2.0000000e+03   1.9030145e+02
   2.0500000e+03   1.9030145e+02
   2.1000000e+03   1.9030145e+02
   2.1500000e+03   1.7058036e+02
   2.2000000e+03   1.7058036e+02
   2.2500000e+03   1.7058036e+02
   2.3000000e+03   1.6658644e+02
   2.3500000e+03   1.6658644e+02
   2.4000000e+03   1.6303294e+02
   2.4500000e+03   1.4869882e+02
   2.5000000e+03   1.4711589e+02
   2.5500000e+03   1.3284832e+02
   2.6000000e+03   1.2926828e+02
   2.6500000e+03   1.2416628e+02
   2.7000000e+03   1.2416628e+02
   2.7500000e+03   1.2416628e+02
   2.8000000e+03   1.2224859e+02
   2.8500000e+03   1.0425301e+02
   2.9000000e+03   1.0425301e+02
   2.9500000e+03   1.0425301e+02
   3.0000000e+03   1.0162679e+02
   3.0500000e+03   9.5854566e+01
   3.1000000e+03   9.2171247e+01
   3.1500000e+03   8.9520263e+01
   3.2000000e+03   8.3309451e+01
   3.2500000e+03   8.3309451e+01
   3.3000000e+03   8.3309451e+01
   3.3500000e+03   8.2809268e+01
   3.4000000e+03   8.2018306e+01
   3.4500000e+03   8.2018306e+01
   3.5000000e+03   8.2018306e+01
   3.5500000e+03   8.0278264e+01
   3.6000000e+03   7.9628718e+01
   3.6500000e+03   7.9381567e+01
   3.7000000e+03   7.6073068e+01
   3.7500000e+03   7.4938814e+01
   3.8000000e+03   7.3929966e+01
   3.8500000e+03   7.3929966e+01
   3.9000000e+03   7.3929966e+01
   3.9500000e+03   7.3929966e+01
   4.0000000e+03   7.3929966e+01
   4.0500000e+03   7.3929966e+01
   4.1000000e+03   7.3420248e+01
   4.1500000e+03   7.2769402e+01
   4.2000000e+03   7.2769402e+01
   4.2500000e+03   7.2691667e+01
   4.3000000e+03   7.2053865e+01
   4.3500000e+03   7.1221358e+01
   4.4000000e+03   7.0773027e+01
   4.4500000e+03   7.0576721e+01
   4.5000000e+03   7.0145663e+01
   4.5500000e+03   6.8786012e+01
   4.6000000e+03   6.8685011e+01
   4.6500000e+03   6.8142301e+01
   4.7000000e+03   6.7564929e+01
   4.7500000e+03   6.7238209e+01
   4.8000000e+03   6.6495509e+01
   4.8500000e+03   6.6185684e+01
   4.9000000e+03   6.6148283e+01
   4.9500000e+03   6.6053998e+01
   5.0000000e+03   6.5797339e+01
   5.0500000e+03   6.5424331e+01
   5.1000000e+03   6.4343335e+01
   5.1500000e+03   6.3582626e+01
   5.2000000e+03   6.2693395e+01
   5.2500000e+03   6.2012752e+01
   5.3000000e+03   6.0952565e+01
   5.3500000e+03   5.9645785e+01
   5.4000000e+03   5.9192701e+01
   5.4500000e+03   5.8200158e+01
   5.5000000e+03   5.6769516e+01
   5.5500000e+03   5.6566041e+01
   5.6000000e+03   5.3945859e+01
   5.6500000e+03   5.2978626e+01
   5.7000000e+03   5.2061393e+01
   5.7500000e+03   5.0520193e+01
   5.8000000e+03   4.9732197e+01
   5.8500000e+03   4.6895868e+01
   5.9000000e+03   4.5371495e+01
   5.9500000e+03   4.3983683e+01
   6.0000000e+03   4.2066556e+01
   6.0500000e+03   4.1325577e+01
   6.1000000e+03   3.9837145e+01
   6.1500000e+03   3.8858632e+01
   6.2000000e+03   3.8110872e+01
   6.2500000e+03   3.7455579e+01
   6.3000000e+03   3.5700536e+01
   6.3500000e+03   3.4419330e+01
   6.4000000e+03   3.3829856e+01
   6.4500000e+03   3.2748789e+01
   6.5000000e+03   3.0967759e+01
   6.5500000e+03   2.9611243e+01
   6.6000000e+03   2.8186927e+01
   6.6500000e+03   2.5225027e+01
   6.7000000e+03   2.3982027e+01
   6.7500000e+03   2.0386959e+01
   6.8000000e+03   1.8368559e+01
   6.8500000e+03   1.7974999e+01
   6.9000000e+03   1.4797880e+01
   6.9500000e+03   1.1684527e+01
   7.0000000e+03   1.1684527e+01
   7.0500000e+03   1.0265926e+01
   7.1000000e+03   9.2427288e+00
   7.1500000e+03   7.5602821e+00
   7.2000000e+03   7.5421102e+00
   7.2500000e+03   7.1336962e+00
   7.3000000e+03   5.8361995e+00
   7.3500000e+03   5.5069045e+00
   7.4000000e+03   5.3225508e+00
   7.4500000e+03   5.3225508e+00
   7.5000000e+03   4.2912422e+00
   7.5500000e+03   4.2912422e+00
   7.6000000e+03   4.2912422e+00
   7.6500000e+03   4.2912422e+00
   7.7000000e+03   4.2912422e+00
   7.7500000e+03   4.2912422e+00
   7.8000000e+03   4.2912422e+00
   7.8500000e+03   4.2912422e+00
   7.9000000e+03   4.2912422e+00
   7.9500000e+03   4.1634869e+00
   8.0000000e+03   4.0916341e+00
   8.0500000e+03   3.9606663e+00
   8.1000000e+03   3.9606663e+00
   8.1500000e+03   3.9606663e+00
   8.2000000e+03   3.9606663e+00
   8.2500000e+03   3.9606663e+00
   8.3000000e+03   3.9043128e+00
   8.3500000e+03   3.9043128e+00
   8.4000000e+03   3.9043128e+00
   8.4500000e+03   3.9043128e+00
   8.5000000e+03   3.8883541e+00
   8.5500000e+03   3.8643739e+00
   8.6000000e+03   3.8425088e+00
   8.6500000e+03   3.8425088e+00
   8.7000000e+03   3.8305009e+00
   8.7500000e+03   3.7912596e+00
   8.8000000e+03   3.7912596e+00
   8.8500000e+03   3.7858687e+00
   8.9000000e+03   3.7858687e+00
   8.9500000e+03   3.7801894e+00
   9.0000000e+03   3.7657953e+00
   9.0500000e+03   3.7657953e+00
   9.1000000e+03   3.7498296e+00
   9.1500000e+03   3.7401250e+00
   9.2000000e+03   3.7330759e+00
   9.2500000e+03   3.7252759e+00
   9.3000000e+03   3.7088963e+00
   9.3500000e+03   3.7056322e+00
   9.4000000e+03   3.6975443e+00
   9.4500000e+03   3.6852648e+00
   9.5000000e+03   3.6808227e+00
   9.5500000e+03   3.6679261e+00
   9.6000000e+03   3.6679261e+00
   9.6500000e+03   3.6650411e+00
   9.7000000e+03   3.6650411e+00
   9.7500000e+03   3.6650411e+00
   9.8000000e+03   3.6544737e+00
   9.8500000e+03   3.6476751e+00
   9.9000000e+03   3.6409797e+00
   9.9500000e+03   3.6360743e+00
   1.0000000e+04   3.6190849e+00
   1.0050000e+04   3.6115236e+00
   1.0100000e+04   3.5986029e+00
   1.0150000e+04   3.5875268e+00
   1.0200000e+04   3.5830719e+00
   1.0250000e+04   3.5820430e+00
   1.0300000e+04   3.5739556e+00
   1.0350000e+04   3.5694640e+00
   1.0400000e+04   3.5579169e+00
   1.0450000e+04   3.5550740e+00
   1.0500000e+04   3.5382329e+00
   1.0550000e+04   3.5269457e+00
   1.0600000e+04   3.5172386e+00
   1.0650000e+04   3.5145333e+00
   1.0700000e+04   3.5038862e+00
   1.0750000e+04   3.4939736e+00
   1.0800000e+04   3.4899029e+00
   1.0850000e+04   3.4857881e+00
   1.0900000e+04   3.4739747e+00
   1.0950000e+04   3.4726132e+00
   1.1000000e+04   3.4663753e+00
   1.1050000e+04   3.4612045e+00
   1.1100000e+04   3.4536558e+00
   1.1150000e+04   3.4468102e+00
   1.1200000e+04   3.4389058e+00
   1.1250000e+04   3.4341547e+00
   1.1300000e+04   3.4135436e+00
   1.1350000e+04   3.4100810e+00
   1.1400000e+04   3.3943710e+00
   1.1450000e+04   3.3856321e+00
   1.1500000e+04   3.3765252e+00
   1.1550000e+04   3.3671025e+00
   1.1600000e+04   3.3604079e+00
   1.1650000e+04   3.3455248e+00
   1.1700000e+04   3.3354933e+00
   1.1750000e+04   3.3268752e+00
   1.1800000e+04   3.3182404e+00
   1.1850000e+04   3.3078837e+00
   1.1900000e+04   3.2972301e+00
   1.1950000e+04   3.2835417e+00
   1.2000000e+04   3.2767371e+00
   1.2050000e+04   3.2601519e+00
   1.2100000e+04   3.2315443e+00
   1.2150000e+04   3.2199167e+00
   1.2200000e+04   3.2092789e+00
   1.2250000e+04   3.2008195e+00
   1.2300000e+04   3.1778655e+00
   1.2350000e+04   3.1764706e+00
   1.2400000e+04   3.1631614e+00
   1.2450000e+04   3.1528858e+00
   1.2500000e+04   3.1420475e+00
   1.2550000e+04   3.1255210e+00
   1.2600000e+04   3.1189725e+00
   1.2650000e+04   3.1081248e+00
   1.2700000e+04   3.0840895e+00
   1.2750000e+04   3.0720571e+00
   1.2800000e+04   3.0695601e+00
   1.2850000e+04   3.0616635e+00
   1.2900000e+04   3.0500974e+00
   1.2950000e+04   3.0433515e+00
   1.3000000e+04   3.0293979e+00
   1.3050000e+04   3.0231363e+00
   1.3100000e+04   3.0175966e+00
   1.3150000e+04   3.0108257e+00
   1.3200000e+04   3.0091082e+00
   1.3250000e+04   3.0001532e+00
   1.3300000e+04   2.9955591e+00
   1.3350000e+04   2.9920339e+00
   1.3400000e+04   2.9844643e+00
   1.3450000e+04   2.9788668e+00
   1.3500000e+04   2.9736217e+00
   1.3550000e+04   2.9682149e+00
   1.3600000e+04   2.9561055e+00
   1.3650000e+04   2.9491219e+00
   1.3700000e+04   2.9446597e+00
   1.3750000e+04   2.9385267e+00
   1.3800000e+04   2.9294864e+00
   1.3850000e+04   2.9174551e+00
   1.3900000e+04   2.9110506e+00
   1.3950000e+04   2.8972526e+00
   1.4000000e+04   2.8905278e+00
   1.4050000e+04   2.8870034e+00
   1.4100000e+04   2.8796639e+00
   1.4150000e+04   2.8777263e+00
   1.4200000e+04   2.8749334e+00
   1.4250000e+04   2.8714849e+00
   1.4300000e+04   2.8626231e+00
   1.4350000e+04   2.8604379e+00
   1.4400000e+04   2.8559273e+00
   1.4450000e+04   2.8546104e+00
   1.4500000e+04   2.8469514e+00
   1.4550000e+04   2.8426872e+00
   1.4600000e+04   2.8392088e+00
   1.4650000e+04   2.8346493e+00
   1.4700000e+04   2.8266539e+00
   1.4750000e+04   2.8228691e+00
   1.4800000e+04   2.8154740e+00
   1.4850000e+04   2.8091391e+00
   1.4900000e+04   2.8053851e+00
   1.4950000e+04   2.7975271e+00
   1.5000000e+04   2.7923618e+00
   1.5050000e+04   2.7875093e+00
   1.5100000e+04   2.7861819e+00
   1.5150000e+04   2.7821626e+00
   1.5200000e+04   2.7774158e+00
   1.5250000e+04   2.7686620e+00
   1.5300000e+04   2.7622642e+00
   1.5350000e+04   2.7598652e+00
   1.5400000e+04   2.7523585e+00
   1.5450000e+04   2.7497466e+00
   1.5500000e+04   2.7423373e+00
   1.5550000e+04   2.7366491e+00
   1.5600000e+04   2.7274183e+00
   1.5650000e+04   2.7201636e+00
   1.5700000e+04   2.7099675e+00
   1.5750000e+04   2.7036651e+00
   1.5800000e+04   2.6881847e+00
   1.5850000e+04   2.6851710e+00
   1.5900000e+04   2.6738098e+00
   1.5950000e+04   2.6607795e+00
   1.6000000e+04   2.6502583e+00
   1.6050000e+04   2.6435507e+00
   1.6100000e+04   2.6300382e+00
   1.6150000e+04   2.6221904e+00
   1.6200000e+04   2.6092585e+00
   1.6250000e+04   2.6020874e+00
   1.6300000e+04   2.5949550e+00
   1.6350000e+04   2.5802315e+00
   1.6400000e+04   2.5705404e+00
   1.6450000e+04   2.5655678e+00
   1.6500000e+04   2.5586537e+00
   1.6550000e+04   2.5477992e+00
   1.6600000e+04   2.5393293e+00
   1.6650000e+04   2.5343027e+00
   1.6700000e+04   2.5199349e+00
   1.6750000e+04   2.5156140e+00
   1.6800000e+04   2.5058192e+00
   1.6850000e+04   2.4848489e+00
   1.6900000e+04   2.4589906e+00
   1.6950000e+04   2.4173481e+00
   1.7000000e+04   2.4061756e+00
   1.7050000e+04   2.3812188e+00
   1.7100000e+04   2.3630973e+00
   1.7150000e+04   2.3460235e+00
   1.7200000e+04   2.3320919e+00
   1.7250000e+04   2.3198848e+00
   1.7300000e+04   2.3085261e+00
   1.7350000e+04   2.2991723e+00
   1.7400000e+04   2.2880849e+00
   1.7450000e+04   2.2799384e+00
   1.7500000e+04   2.2708534e+00
   1.7550000e+04   2.2658339e+00
   1.7600000e+04   2.2575029e+00
   1.7650000e+04   2.2506386e+00
   1.7700000e+04   2.2440100e+00
   1.7750000e+04   2.2430335e+00
   1.7800000e+04   2.2384891e+00
   1.7850000e+04   2.2330040e+00
   1.7900000e+04   2.2212713e+00
   1.7950000e+04   2.2191742e+00
   1.8000000e+04   2.2098830e+00
   1.8050000e+04   2.2056909e+00
   1.8100000e+04   2.2034722e+00
   1.8150000e+04   2.1974794e+00
   1.8200000e+04   2.1862324e+00
   1.8250000e+04   2.1781408e+00
   1.8300000e+04   2.1677229e+00
   1.8350000e+04   2.1621456e+00
   1.8400000e+04   2.1572335e+00
   1.8450000e+04   2.1469406e+00
   1.8500000e+04   2.1380969e+00
   1.8550000e+04   2.1322768e+00
   1.8600000e+04   2.1208441e+00
   1.8650000e+04   2.1120076e+00
   1.8700000e+04   2.1049289e+00
   1.8750000e+04   2.0915421e+00
   1.8800000e+04   2.0855543e+00
   1.8850000e+04   2.0796354e+00
   1.8900000e+04   2.0698499e+00
   1.8950000e+04   2.0643235e+00
   1.9000000e+04   2.0551204e+00
   1.9050000e+04   2.0413679e+00
   1.9100000e+04   2.0393863e+00
   1.9150000e+04   2.0308501e+00
   1.9200000e+04   2.0252144e+00
   1.9250000e+04   2.0156307e+00
   1.9300000e+04   2.0069684e+00
   1.9350000e+04   1.9988260e+00
   1.9400000e+04   1.9848045e+00
   1.9450000e+04   1.9790633e+00
   1.9500000e+04   1.9703680e+00
   1.9550000e+04   1.9629321e+00
   1.9600000e+04   1.9535311e+00
   1.9650000e+04   1.9463468e+00
   1.9700000e+04   1.9407396e+00
   1.9750000e+04   1.9185153e+00
   1.9800000e+04   1.9031139e+00
   1.9850000e+04   1.8936898e+00
   1.9900000e+04   1.8902016e+00
   1.9950000e+04   1.8819540e+00
   2.0000000e+04   1.8800519e+00
   2.0050000e+04   1.8616216e+00
   2.0100000e+04   1.8507165e+00
   2.0150000e+04   1.8437081e+00
   2.0200000e+04   1.8362609e+00
   2.0250000e+04   1.8314751e+00
   2.0300000e+04   1.8246715e+00
   2.0350000e+04   1.8171639e+00
   2.0400000e+04   1.8149954e+00
   2.0450000e+04   1.8086295e+00
   2.0500000e+04   1.8028591e+00
   2.0550000e+04   1.7919253e+00
   2.0600000e+04   1.7872337e+00
   2.0650000e+04   1.7818874e+00
   2.0700000e+04   1.7708425e+00
   2.0750000e+04   1.7682830e+00
   2.0800000e+04   1.7595334e+00
   2.0850000e+04   1.7557284e+00
   2.0900000e+04   1.7426133e+00
   2.0950000e+04   1.7343848e+00
   2.1000000e+04   1.7286311e+00
   2.1050000e+04   1.7230789e+00
   2.1100000e+04   1.7175836e+00
   2.1150000e+04   1.7109959e+00
   2.1200000e+04   1.7039814e+00
   2.1250000e+04   1.6985215e+00
   2.1300000e+04   1.6870948e+00
   2.1350000e+04   1.6770460e+00
   2.1400000e+04   1.6765287e+00
   2.1450000e+04   1.6720799e+00
   2.1500000e+04   1.6698729e+00
   2.1550000e+04   1.6628673e+00
   2.1600000e+04   1.6579568e+00
   2.1650000e+04   1.6500679e+00
   2.1700000e+04   1.6486097e+00
   2.1750000e+04   1.6396040e+00
   2.1800000e+04   1.6381151e+00
   2.1850000e+04   1.6287222e+00
   2.1900000e+04   1.6159323e+00
   2.1950000e+04   1.6113191e+00
   2.2000000e+04   1.6036359e+00
   2.2050000e+04   1.5948321e+00
   2.2100000e+04   1.5798097e+00
   2.2150000e+04   1.5694350e+00
   2.2200000e+04   1.5554834e+00
   2.2250000e+04   1.5459691e+00
   2.2300000e+04   1.5456655e+00
   2.2350000e+04   1.5394529e+00
   2.2400000e+04   1.5325386e+00
   2.2450000e+04   1.5294174e+00
   2.2500000e+04   1.5189667e+00
   2.2550000e+04   1.5096720e+00
   2.2600000e+04   1.5023650e+00
   2.2650000e+04   1.4923956e+00
   2.2700000e+04   1.4711326e+00
   2.2750000e+04   1.4686961e+00
   2.2800000e+04   1.4543391e+00
   2.2850000e+04   1.4425297e+00
   2.2900000e+04   1.4352797e+00
   2.2950000e+04   1.4301282e+00
   2.3000000e+04   1.4257401e+00
   2.3050000e+04   1.4180106e+00
   2.3100000e+04   1.3964199e+00
   2.3150000e+04   1.3935821e+00
   2.3200000e+04   1.3816619e+00
   2.3250000e+04   1.3741599e+00
   2.3300000e+04   1.3686997e+00
   2.3350000e+04   1.3606101e+00
   2.3400000e+04   1.3554964e+00
   2.3450000e+04   1.3449254e+00
   2.3500000e+04   1.3342487e+00
   2.3550000e+04   1.3256850e+00
   2.3600000e+04   1.3231562e+00
   2.3650000e+04   1.3175814e+00
   2.3700000e+04   1.3156697e+00
   2.3750000e+04   1.3135642e+00
   2.3800000e+04   1.3085626e+00
   2.3850000e+04   1.3053524e+00
   2.3900000e+04   1.3021151e+00
   2.3950000e+04   1.2997541e+00
   2.4000000e+04   1.2979706e+00
   2.4050000e+04   1.2973297e+00
   2.4100000e+04   1.2932091e+00
   2.4150000e+04   1.2919769e+00
   2.4200000e+04   1.2889722e+00
   2.4250000e+04   1.2858712e+00
   2.4300000e+04   1.2847654e+00
   2.4350000e+04   1.2809642e+00
   2.4400000e+04   1.2789528e+00
   2.4450000e+04   1.2741714e+00
   2.4500000e+04   1.2715904e+00
   2.4550000e+04   1.2648474e+00
   2.4600000e+04   1.2648474e+00
   2.4650000e+04   1.2621567e+00
   2.4700000e+04   1.2611916e+00
   2.4750000e+04   1.2598455e+00
   2.4800000e+04   1.2554191e+00
   2.4850000e+04   1.2521146e+00
   2.4900000e+04   1.2515611e+00
   2.4950000e+04   1.2464241e+00
   2.5000000e+04   1.2456654e+00
   2.5050000e+04   1.2433938e+00
   2.5100000e+04   1.2428754e+00
   2.5150000e+04   1.2408444e+00
   2.5200000e+04   1.2362804e+00
   2.5250000e+04   1.2331901e+00
   2.5300000e+04   1.2324602e+00
   2.5350000e+04   1.2306148e+00
   2.5400000e+04   1.2297422e+00
   2.5450000e+04   1.2297422e+00
   2.5500000e+04   1.2281203e+00
   2.5550000e+04   1.2281203e+00
   2.5600000e+04   1.2271134e+00
   2.5650000e+04   1.2264032e+00
   2.5700000e+04   1.2264032e+00
   2.5750000e+04   1.2256512e+00
   2.5800000e+04   1.2246343e+00
   2.5850000e+04   1.2246343e+00
   2.5900000e+04   1.2244517e+00
   2.5950000e+04   1.2239221e+00
   2.6000000e+04   1.2237836e+00
   2.6050000e+04   1.2234034e+00
   2.6100000e+04   1.2232159e+00
   2.6150000e+04   1.2229705e+00
   2.6200000e+04   1.2228846e+00
   2.6250000e+04   1.2228127e+00
   2.6300000e+04   1.2225029e+00
   2.6350000e+04   1.2225029e+00
   2.6400000e+04   1.2224579e+00
   2.6450000e+04   1.2223899e+00
   2.6500000e+04   1.2221397e+00
   2.6550000e+04   1.2220567e+00
   2.6600000e+04   1.2219441e+00
   2.6650000e+04   1.2218124e+00
   2.6700000e+04   1.2217026e+00
   2.6750000e+04   1.2215747e+00
   2.6800000e+04   1.2215747e+00
   2.6850000e+04   1.2215747e+00
   2.6900000e+04   1.2215047e+00
   2.6950000e+04   1.2214695e+00
   2.7000000e+04   1.2214153e+00
   2.7050000e+04   1.2213062e+00
   2.7100000e+04   1.2212452e+00
   2.7150000e+04   1.2211926e+00
   2.7200000e+04   1.2211519e+00
   2.7250000e+04   1.2211035e+00
   2.7300000e+04   1.2210293e+00
   2.7350000e+04   1.2209069e+00
   2.7400000e+04   1.2208818e+00
   2.7450000e+04   1.2208256e+00
   2.7500000e+04   1.2207131e+00
   2.7550000e+04   1.2205998e+00
   2.7600000e+04   1.2205564e+00
   2.7650000e+04   1.2204971e+00
   2.7700000e+04   1.2204415e+00
   2.7750000e+04   1.2203423e+00
   2.7800000e+04   1.2202626e+00
   2.7850000e+04   1.2199242e+00
   2.7900000e+04   1.2197276e+00
   2.7950000e+04   1.2196179e+00
   2.8000000e+04   1.2194341e+00
   2.8050000e+04   1.2193231e+00
   2.8100000e+04   1.2192413e+00
   2.8150000e+04   1.2191681e+00
   2.8200000e+04   1.2191207e+00
   2.8250000e+04   1.2190415e+00
   2.8300000e+04   1.2189860e+00
   2.8350000e+04   1.2189288e+00
   2.8400000e+04   1.2188584e+00
   2.8450000e+04   1.2188464e+00
   2.8500000e+04   1.2187793e+00
   2.8550000e+04   1.2187411e+00
   2.8600000e+04   1.2187210e+00
   2.8650000e+04   1.2186640e+00
   2.8700000e+04   1.2186588e+00
   2.8750000e+04   1.2186296e+00
   2.8800000e+04   1.2186252e+00
   2.8850000e+04   1.2185703e+00
   2.8900000e+04   1.2185418e+00
   2.8950000e+04   1.2184895e+00
   2.9000000e+04   1.2184790e+00
   2.9050000e+04   1.2184557e+00
   2.9100000e+04   1.2184202e+00
   2.9150000e+04   1.2184129e+00
   2.9200000e+04   1.2184037e+00
   2.9250000e+04   1.2183902e+00
   2.9300000e+04   1.2183625e+00
   2.9350000e+04   1.2183330e+00
   2.9400000e+04   1.2183056e+00
   2.9450000e+04   1.2182947e+00
   2.9500000e+04   1.2182820e+00
   2.9550000e+04   1.2182649e+00
   2.9600000e+04   1.2182372e+00
   2.9650000e+04   1.2182128e+00
   2.9700000e+04   1.2181951e+00
   2.9750000e+04   1.2181946e+00
   2.9800000e+04   1.2181884e+00
   2.9850000e+04   1.2181678e+00
   2.9900000e+04   1.2181506e+00
   2.9950000e+04   1.2181314e+00
   3.0000000e+04   1.2181203e+00
   3.0050000e+04   1.2180951e+00
   3.0100000e+04   1.2180773e+00
   3.0150000e+04   1.2180412e+00
   3.0200000e+04   1.2180209e+00
   3.0250000e+04   1.2179945e+00
   3.0300000e+04   1.2179840e+00
   3.0350000e+04   1.2179626e+00
   3.0400000e+04   1.2179556e+00
   3.0450000e+04   1.2179454e+00
   3.0500000e+04   1.2178555e+00
   3.0550000e+04   1.2178254e+00
   3.0600000e+04   1.2177949e+00
   3.0650000e+04   1.2177493e+00
   3.0700000e+04   1.2176741e+00
   3.0750000e+04   1.2176272e+00
   3.0800000e+04   1.2175657e+00
   3.0850000e+04   1.2175172e+00
   3.0900000e+04   1.2174596e+00
   3.0950000e+04   1.2174443e+00
   3.1000000e+04   1.2173831e+00
   3.1050000e+04   1.2173153e+00
   3.1100000e+04   1.2172656e+00
   3.1150000e+04   1.2172438e+00
   3.1200000e+04   1.2171913e+00
   3.1250000e+04   1.2171352e+00
   3.1300000e+04   1.2171161e+00
   3.1350000e+04   1.2170549e+00
   3.1400000e+04   1.2170221e+00
   3.1450000e+04   1.2169529e+00
   3.1500000e+04   1.2169370e+00
   3.1550000e+04   1.2169190e+00
   3.1600000e+04   1.2168866e+00
   3.1650000e+04   1.2168646e+00
   3.1700000e+04   1.2168300e+00
   3.1750000e+04   1.2168017e+00
   3.1800000e+04   1.2167753e+00
   3.1850000e+04   1.2167522e+00
   3.1900000e+04   1.2167239e+00
   3.1950000e+04   1.2167098e+00
   3.2000000e+04   1.2167032e+00
   3.2050000e+04   1.2166801e+00
   3.2100000e+04   1.2166660e+00
   3.2150000e+04   1.2166410e+00
   3.2200000e+04   1.2166233e+00
   3.2250000e+04   1.2166022e+00
   3.2300000e+04   1.2165788e+00
   3.2350000e+04   1.2165610e+00
   3.2400000e+04   1.2165494e+00
   3.2450000e+04   1.2165369e+00
   3.2500000e+04   1.2165232e+00
   3.2550000e+04   1.2165084e+00
   3.2600000e+04   1.2164968e+00
   3.2650000e+04   1.2164905e+00
   3.2700000e+04   1.2164899e+00
   3.2750000e+04   1.2164864e+00
   3.2800000e+04   1.2164754e+00
   3.2850000e+04   1.2164690e+00
   3.2900000e+04   1.2164585e+00
   3.2950000e+04   1.2164507e+00
   3.3000000e+04   1.2164428e+00
   3.3050000e+04   1.2164276e+00
   3.3100000e+04   1.2164194e+00
   3.3150000e+04   1.2164063e+00
   3.3200000e+04   1.2164063e+00
   3.3250000e+04   1.2164060e+00
   3.3300000e+04   1.2163939e+00
   3.3350000e+04   1.2163873e+00
   3.3400000e+04   1.2163806e+00
   3.3450000e+04   1.2163749e+00
   3.3500000e+04   1.2163708e+00
   3.3550000e+04   1.2163692e+00
   3.3600000e+04   1.2163655e+00
   3.3650000e+04   1.2163626e+00
   3.3700000e+04   1.2163596e+00
   3.3750000e+04   1.2163588e+00
   3.3800000e+04   1.2163544e+00
   3.3850000e+04   1.2163532e+00
   3.3900000e+04   1.2163525e+00
   3.3950000e+04   1.2163489e+00
   3.4000000e+04   1.2163468e+00
   3.4050000e+04   1.2163451e+00
   3.4100000e+04   1.2163437e+00
   3.4150000e+04   1.2163435e+00
   3.4200000e+04   1.2163429e+00
   3.4250000e+04   1.2163419e+00
   3.4300000e+04   1.2163402e+00
   3.4350000e+04   1.2163395e+00
   3.4400000e+04   1.2163379e+00
   3.4450000e+04   1.2163368e+00
   3.4500000e+04   1.2163363e+00
   3.4550000e+04   1.2163352e+00
   3.4600000e+04   1.2163331e+00
   3.4650000e+04   1.2163320e+00
   3.4700000e+04   1.2163312e+00
   3.4750000e+04   1.2163299e+00
   3.4800000e+04   1.2163293e+00
   3.4850000e+04   1.2163276e+00
   3.4900000e+04   1.2163259e+00
   3.4950000e+04   1.2163248e+00
   3.5000000e+04   1.2163241e+00
   3.5050000e+04   1.2163201e+00
   3.5100000e+04   1.2163184e+00
   3.5150000e+04   1.2163170e+00
   3.5200000e+04   1.2163153e+00
   3.5250000e+04   1.2163146e+00
   3.5300000e+04   1.2163133e+00
   3.5350000e+04   1.2163123e+00
   3.5400000e+04   1.2163116e+00
   3.5450000e+04   1.2163104e+00
   3.5500000e+04   1.2163091e+00
   3.5550000e+04   1.2163077e+00
   3.5600000e+04   1.2163067e+00
   3.5650000e+04   1.2163062e+00
   3.5700000e+04   1.2163055e+00
   3.5750000e+04   1.2163050e+00
   3.5800000e+04   1.2163035e+00
   3.5850000e+04   1.2163028e+00
   3.5900000e+04   1.2163013e+00
   3.5950000e+04   1.2163006e+00
   3.6000000e+04   1.2162999e+00
   3.6050000e+04   1.2162992e+00
   3.6100000e+04   1.2162990e+00
   3.6150000e+04   1.2162979e+00
   3.6200000e+04   1.2162975e+00
   3.6250000e+04   1.2162964e+00
   3.6300000e+04   1.2162962e+00
   3.6350000e+04   1.2162952e+00
   3.6400000e+04   1.2162945e+00
   3.6450000e+04   1.2162937e+00
   3.6500000e+04   1.2162930e+00
   3.6550000e+04   1.2162923e+00
   3.6600000e+04   1.2162909e+00
   3.6650000e+04   1.2162902e+00
   3.6700000e+04   1.2162889e+00
   3.6750000e+04   1.2162883e+00
   3.6800000e+04   1.2162878e+00
   3.6850000e+04   1.2162872e+00
   3.6900000e+04   1.2162866e+00
   3.6950000e+04   1.2162850e+00
   3.7000000e+04   1.2162844e+00
   3.7050000e+04   1.2162839e+00
   3.7100000e+04   1.2162833e+00
   3.7150000e+04   1.2162830e+00
   3.7200000e+04   1.2162826e+00
   3.7250000e+04   1.2162820e+00
   3.7300000e+04   1.2162814e+00
   3.7350000e+04   1.2162808e+00
   3.7400000e+04   1.2162797e+00
   3.7450000e+04   1.2162790e+00
   3.7500000e+04   1.2162784e+00
   3.7550000e+04   1.2162762e+00
   3.7600000e+04   1.2162757e+00
   3.7650000e+04   1.2162748e+00
   3.7700000e+04   1.2162732e+00
   3.7750000e+04   1.2162730e+00
   3.7800000e+04   1.2162720e+00
   3.7850000e+04   1.2162716e+00
   3.7900000e+04   1.2162708e+00
   3.7950000e+04   1.2162705e+00
   3.8000000e+04   1.2162700e+00
   3.8050000e+04   1.2162693e+00
   3.8100000e+04   1.2162687e+00
   3.8150000e+04   1.2162684e+00
   3.8200000e+04   1.2162679e+00
   3.8250000e+04   1.2162676e+00
   3.8300000e+04   1.2162672e+00
   3.8350000e+04   1.2162668e+00
   3.8400000e+04   1.2162665e+00
   3.8450000e+04   1.2162663e+00
   3.8500000e+04   1.2162659e+00
   3.8550000e+04   1.2162658e+00
   3.8600000e+04   1.2162655e+00
   3.8650000e+04   1.2162651e+00
   3.8700000e+04   1.2162646e+00
   3.8750000e+04   1.2162643e+00
   3.8800000e+04   1.2162641e+00
   3.8850000e+04   1.2162635e+00
   3.8900000e+04   1.2162635e+00
   3.8950000e+04   1.2162632e+00
   3.9000000e+04   1.2162629e+00
   3.9050000e+04   1.2162626e+00
   3.9100000e+04   1.2162624e+00
   3.9150000e+04   1.2162622e+00
   3.9200000e+04   1.2162621e+00
   3.9250000e+04   1.2162617e+00
   3.9300000e+04   1.2162615e+00
   3.9350000e+04   1.2162615e+00
   3.9400000e+04   1.2162612e+00
   3.9450000e+04   1.2162610e+00
   3.9500000e+04   1.2162608e+00
   3.9550000e+04   1.2162603e+00
   3.9600000e+04   1.2162600e+00
   3.9650000e+04   1.2162596e+00
   3.9700000e+04   1.2162592e+00
   3.9750000e+04   1.2162589e+00
   3.9800000e+04   1.2162585e+00
   3.9850000e+04   1.2162581e+00
   3.9900000e+04   1.2162578e+00
   3.9950000e+04   1.2162578e+00
   4.0000000e+04   1.2162574e+00
   4.0050000e+04   1.2162570e+00
   4.0100000e+04   1.2162567e+00
   4.0150000e+04   1.2162565e+00
   4.0200000e+04   1.2162559e+00
   4.0250000e+04   1.2162554e+00
   4.0300000e+04   1.2162551e+00
   4.0350000e+04   1.2162546e+00
   4.0400000e+04   1.2162543e+00
   4.0450000e+04   1.2162534e+00
   4.0500000e+04   1.2162531e+00
   4.0550000e+04   1.2162527e+00
   4.0600000e+04   1.2162519e+00
   4.0650000e+04   1.2162515e+00
   4.0700000e+04   1.2162511e+00
   4.0750000e+04   1.2162505e+00
   4.0800000e+04   1.2162498e+00
   4.0850000e+04   1.2162496e+00
   4.0900000e+04   1.2162489e+00
   4.0950000e+04   1.2162462e+00
   4.1000000e+04   1.2162451e+00
   4.1050000e+04   1.2162446e+00
   4.1100000e+04   1.2162438e+00
   4.1150000e+04   1.2162431e+00
   4.1200000e+04   1.2162430e+00
   4.1250000e+04   1.2162424e+00
   4.1300000e+04   1.2162416e+00
   4.1350000e+04   1.2162416e+00
   4.1400000e+04   1.2162415e+00
   4.1450000e+04   1.2162410e+00
   4.1500000e+04   1.2162401e+00
   4.1550000e+04   1.2162399e+00
   4.1600000e+04   1.2162394e+00
   4.1650000e+04   1.2162391e+00
   4.1700000e+04   1.2162386e+00
   4.1750000e+04   1.2162381e+00
   4.1800000e+04   1.2162376e+00
   4.1850000e+04   1.2162362e+00
   4.1900000e+04   1.2162357e+00
   4.1950000e+04   1.2162347e+00
   4.2000000e+04   1.2162333e+00
   4.2050000e+04   1.2162321e+00
   4.2100000e+04   1.2162316e+00
   4.2150000e+04   1.2162308e+00
   4.2200000e+04   1.2162297e+00
   4.2250000e+04   1.2162286e+00
   4.2300000e+04   1.2162284e+00
   4.2350000e+04   1.2162282e+00
   4.2400000e+04   1.2162268e+00
   4.2450000e+04   1.2162261e+00
   4.2500000e+04   1.2162261e+00
   4.2550000e+04   1.2162259e+00
   4.2600000e+04   1.2162251e+00
   4.2650000e+04   1.2162246e+00
   4.2700000e+04   1.2162244e+00
   4.2750000e+04   1.2162240e+00
   4.2800000e+04   1.2162237e+00
   4.2850000e+04   1.2162236e+00
   4.2900000e+04   1.2162232e+00
   4.2950000e+04   1.2162226e+00
   4.3000000e+04   1.2162223e+00
   4.3050000e+04   1.2162217e+00
   4.3100000e+04   1.2162213e+00
   4.3150000e+04   1.2162209e+00
   4.3200000e+04   1.2162206e+00
   4.3250000e+04   1.2162201e+00
   4.3300000e+04   1.2162200e+00
   4.3350000e+04   1.2162196e+00
   4.3400000e+04   1.2162193e+00
   4.3450000e+04   1.2162190e+00
   4.3500000e+04   1.2162188e+00
   4.3550000e+04   1.2162187e+00
   4.3600000e+04   1.2162186e+00
   4.3650000e+04   1.2162183e+00
   4.3700000e+04   1.2162182e+00
   4.3750000e+04   1.2162180e+00
   4.3800000e+04   1.2162179e+00
   4.3850000e+04   1.2162177e+00
   4.3900000e+04   1.2162177e+00
   4.3950000e+04   1.2162176e+00
   4.4000000e+04   1.2162176e+00
   4.4050000e+04   1.2162174e+00
   4.4100000e+04   1.2162172e+00
   4.4150000e+04   1.2162171e+00
   4.4200000e+04   1.2162169e+00
   4.4250000e+04   1.2162169e+00
   4.4300000e+04   1.2162168e+00
   4.4350000e+04   1.2162167e+00
   4.4400000e+04   1.2162167e+00
   4.4450000e+04   1.2162164e+00
   4.4500000e+04   1.2162163e+00
   4.4550000e+04   1.2162162e+00
   4.4600000e+04   1.2162161e+00
   4.4650000e+04   1.2162158e+00
   4.4700000e+04   1.2162156e+00
   4.4750000e+04   1.2162152e+00
   4.4800000e+04   1.2162151e+00
   4.4850000e+04   1.2162151e+00
   4.4900000e+04   1.2162149e+00
   4.4950000e+04   1.2162149e+00
   4.5000000e+04   1.2162148e+00
   4.5050000e+04   1.2162147e+00
   4.5100000e+04   1.2162147e+00
   4.5150000e+04   1.2162147e+00
   4.5200000e+04   1.2162147e+00
   4.5250000e+04   1.2162146e+00
   4.5300000e+04   1.2162146e+00
   4.5350000e+04   1.2162145e+00
   4.5400000e+04   1.2162145e+00
   4.5450000e+04   1.2162144e+00
   4.5500000e+04   1.2162144e+00
   4.5550000e+04   1.2162144e+00
   4.5600000e+04   1.2162144e+00
   4.5650000e+04   1.2162143e+00
   4.5700000e+04   1.2162143e+00
   4.5750000e+04   1.2162143e+00
   4.5800000e+04   1.2162143e+00
   4.5850000e+04   1.2162142e+00
   4.5900000e+04   1.2162142e+00
   4.5950000e+04   1.2162142e+00
   4.6000000e+04   1.2162142e+00
   4.6050000e+04   1.2162141e+00
   4.6100000e+04   1.2162141e+00
   4.6150000e+04   1.2162141e+00
   4.6200000e+04   1.2162141e+00
   4.6250000e+04   1.2162141e+00
   4.6300000e+04   1.2162140e+00
   4.6350000e+04   1.2162140e+00
   4.6400000e+04   1.2162140e+00
   4.6450000e+04   1.2162140e+00
   4.6500000e+04   1.2162140e+00
   4.6550000e+04   1.2162139e+00
   4.6600000e+04   1.2162139e+00
   4.6650000e+04   1.2162139e+00
   4.6700000e+04   1.2162139e+00
   4.6750000e+04   1.2162139e+00
   4.6800000e+04   1.2162138e+00
   4.6850000e+04   1.2162138e+00
   4.6900000e+04   1.2162138e+00
   4.6950000e+04   1.2162138e+00
   4.7000000e+04   1.2162138e+00
   4.7050000e+04   1.2162138e+00
   4.7100000e+04   1.2162138e+00
   4.7150000e+04   1.2162137e+00
   4.7200000e+04   1.2162137e+00
   4.7250000e+04   1.2162137e+00
   4.7300000e+04   1.2162137e+00
   4.7350000e+04   1.2162136e+00
   4.7400000e+04   1.2162136e+00
   4.7450000e+04   1.2162136e+00
   4.7500000e+04   1.2162136e+00
   4.7550000e+04   1.2162135e+00
   4.7600000e+04   1.2162135e+00
   4.7650000e+04   1.2162135e+00
   4.7700000e+04   1.2162135e+00
   4.7750000e+04   1.2162134e+00
   4.7800000e+04   1.2162134e+00
   4.7850000e+04   1.2162134e+00
   4.7900000e+04   1.2162134e+00
   4.7950000e+04   1.2162133e+00
   4.8000000e+04   1.2162133e+00
   4.8050000e+04   1.2162133e+00
   4.8100000e+04   1.2162133e+00
   4.8150000e+04   1.2162133e+00
   4.8200000e+04   1.2162130e+00
   4.8250000e+04   1.2162129e+00
   4.8300000e+04   1.2162128e+00
   4.8350000e+04   1.2162128e+00
   4.8400000e+04   1.2162127e+00
   4.8450000e+04   1.2162126e+00
   4.8500000e+04   1.2162126e+00
   4.8550000e+04   1.2162126e+00
   4.8600000e+04   1.2162126e+00
   4.8650000e+04   1.2162126e+00
   4.8700000e+04   1.2162125e+00
   4.8750000e+04   1.2162125e+00
   4.8800000e+04   1.2162125e+00
   4.8850000e+04   1.2162124e+00
   4.8900000e+04   1.2162124e+00
   4.8950000e+04   1.2162124e+00
   4.9000000e+04   1.2162124e+00
   4.9050000e+04   1.2162124e+00
   4.9100000e+04   1.2162124e+00
   4.9150000e+04   1.2162123e+00
   4.9200000e+04   1.2162123e+00
   4.9250000e+04   1.2162123e+00
   4.9300000e+04   1.2162123e+00
   4.9350000e+04   1.2162123e+00
   4.9400000e+04   1.2162123e+00
   4.9450000e+04   1.2162123e+00
   4.9500000e+04   1.2162123e+00
   4.9550000e+04   1.2162123e+00
   4.9600000e+04   1.2162122e+00
   4.9650000e+04   1.2162122e+00
   4.9700000e+04   1.2162122e+00
   4.9750000e+04   1.2162122e+00
   4.9800000e+04   1.2162122e+00
   4.9850000e+04   1.2162122e+00
   4.9900000e+04   1.2162122e+00
   4.9950000e+04   1.2162122e+00
   5.0000000e+04   1.2162122e+00
   5.0000000e+04   1.2162122e+00
